232   3 
0.907407 0.369527 0.729086 Others
0.819865 0.201401 0.935871 Others
0.547138 0.322242 0.968142 Others
1.000000 0.068301 0.973107 Others
0.597643 0.182137 0.980554 Others
0.767677 0.234676 0.933471 Others
1.000000 0.285464 0.355896 Others
0.762626 0.208406 0.927596 Others
0.888889 0.082312 0.938767 Others
0.883838 0.052539 0.949938 Others
0.856902 0.087566 0.942491 Others
0.877104 0.103327 0.939181 Others
0.968013 0.260946 0.791063 Others
1.000000 0.190893 0.935043 Others
0.912458 0.194396 0.828300 Others
0.858586 0.260946 0.926769 Others
0.996633 0.127846 0.840794 Others
0.929293 0.180385 0.845676 Others
0.855219 0.581436 0.902855 Others
0.949495 0.192644 0.798097 Others
0.681818 0.182137 0.970625 Others
0.902357 0.190893 0.852379 Others
0.771044 0.225919 0.902027 Others
0.361953 0.604203 0.686802 Others
0.744108 0.024518 0.990070 Others
0.937710 0.029772 0.947456 Others
0.631313 0.364273 0.937526 Others
0.772727 0.147110 0.989408 Others
0.563973 0.295972 0.983037 Others
0.888889 0.155867 0.865950 Others
0.909091 0.183888 0.825072 Others
0.664983 0.103327 0.983037 Others
1.000000 0.166375 0.815060 Others
0.786195 0.260946 0.808440 Others
0.971380 0.180385 0.829127 Others
0.757576 0.145359 0.952420 Others
0.767677 0.243433 0.867191 Others
0.981481 0.185639 0.784526 Others
0.966330 0.190893 0.782044 Others
0.678451 0.364273 0.903600 Others
0.831650 0.190893 0.881258 Others
0.771044 0.208406 0.888788 Others
0.804714 0.190893 0.936285 Others
0.887205 0.148862 0.936698 Others
0.994949 0.253940 0.772859 Others
0.993266 0.141856 0.868846 Others
0.732323 0.120841 0.972280 Others
0.680135 0.185639 0.968391 Others
0.587542 0.278459 0.914357 Others
0.764310 0.029772 0.972693 Others
0.878788 0.180385 0.907737 Others
0.683502 0.145359 0.952420 Others
0.829966 0.180385 0.926769 Others
0.895623 0.066550 0.934630 Others
0.976431 0.126095 0.883244 Others
0.686869 0.246935 0.935043 Others
0.843434 0.119089 0.911129 Others
0.988215 0.126095 0.878775 Others
0.833333 0.141856 0.944228 Others
0.664983 0.147110 0.939181 Others
0.878788 0.061296 0.935871 Others
0.905724 0.387040 0.666115 Others
0.747475 0.387040 0.841564 Others
0.841751 0.127846 0.937526 Others
0.917508 0.364273 0.748862 Others
0.988215 0.369527 0.424545 Others
0.900673 0.040280 0.947456 Others
0.570707 0.246935 0.944973 Others
0.749158 0.078809 0.979727 Others
0.639731 0.246935 0.933802 Others
0.942761 0.260946 0.786181 Others
0.949495 0.113835 0.926769 Others
0.597643 0.418564 0.835747 Others
0.917508 0.049037 0.943401 Others
0.769360 0.068301 0.970707 Others
0.794613 0.166375 0.933388 Others
0.944444 0.057793 0.932561 Others
0.707071 0.141856 0.941249 Others
0.744108 0.246935 0.929665 Others
0.925926 0.119089 0.907985 Others
0.841751 0.511384 0.798511 Others
0.681818 0.639229 0.678527 Others
1.000000 0.094571 0.926769 Others
0.878788 0.148862 0.896566 Others
0.959596 0.040280 0.944146 Others
0.873737 0.120841 0.910633 Others
0.846801 0.190893 0.853124 Others
0.925926 0.183888 0.811171 Others
0.883838 0.155867 0.888291 Others
0.875421 0.178634 0.856434 Others
0.981481 0.099825 0.931734 Others
0.973064 0.131349 0.860902 Others
0.754209 0.126095 0.964005 Others
1.000000 0.224168 0.773686 Others
0.784512 0.194396 0.933471 Others
0.868687 0.066550 0.951593 Others
0.649832 0.357268 0.863053 Others
0.774411 0.040280 0.950517 Others
0.809764 0.138354 0.949110 Others
0.907407 0.185639 0.847745 Others
0.829966 0.243433 0.864708 Others
0.826599 0.847636 0.729830 AT
1.000000 0.220665 0.973521 AT
0.993266 0.418564 0.930906 AT
0.863636 0.173380 0.978486 AT
0.750842 0.511384 0.871328 AT
0.804714 0.665499 0.583451 AT
0.695286 0.436077 0.919321 AT
0.627946 0.260946 0.976417 AT
0.956229 0.570928 0.000000 AT
1.000000 0.476357 0.835747 AT
0.951178 0.733800 0.496483 AT
1.000000 0.164623 0.976417 AT
0.954545 0.485114 0.558544 AT
0.698653 0.523643 0.877203 AT
0.671717 0.404553 0.959950 AT
0.936027 0.464098 0.676872 AT
1.000000 0.129597 0.970625 AT
0.643098 0.488616 0.939181 AT
0.925926 0.155867 0.976417 AT
0.698653 0.155867 0.976500 AT
0.707071 0.465849 0.893256 AT
0.659933 0.243433 0.980554 AT
0.681818 0.418564 0.881258 AT
0.678451 0.511384 0.864708 AT
0.530303 0.313485 0.965660 AT
0.518519 0.607706 0.877120 AT
0.796296 0.637478 0.711626 AT
0.828283 0.103327 0.992966 AT
0.597643 0.479860 0.953248 AT
0.715488 0.092820 0.993794 AT
0.993266 0.278459 0.969797 AT
0.713805 0.185639 0.966736 AT
0.749158 0.138354 0.989657 AT
0.845118 0.628722 0.819611 AT
0.779461 0.264448 0.956144 AT
0.833333 0.103327 0.990898 AT
1.000000 0.404553 0.955730 AT
0.664983 0.464098 0.872983 AT
1.000000 0.143608 0.834919 AT
0.947811 1.000000 0.207282 AT
0.328283 0.278459 0.968142 AT
1.000000 0.112084 0.971618 AT
0.580808 0.182137 0.968142 AT
0.734007 0.446585 0.753082 AT
0.698653 0.206655 0.964005 AT
0.824916 0.190893 0.892015 AT
0.920875 0.190893 0.845676 AT
0.808081 0.281961 0.782044 AT
0.779461 0.383538 0.941663 AT
0.954545 0.364273 0.637319 AT
0.858586 0.469352 0.351676 AT
0.981481 0.120841 0.959868 AT
0.826599 0.278459 0.866363 AT
0.496633 0.266200 0.979727 AT
0.875421 0.453590 0.713281 AT
1.000000 0.190893 0.719983 AT
0.570707 0.260946 0.996276 AT
0.937710 0.523643 0.190319 AT
0.838384 0.511384 0.725279 AT
0.690236 0.401051 0.964005 AT
0.765993 0.355517 0.957799 AT
0.867003 0.444834 0.739098 AT
0.870370 0.129597 0.986347 AT
0.939394 0.453590 0.533802 AT
0.833333 0.190893 0.856434 AT
0.887205 0.178634 0.897807 AT
0.580808 0.304729 0.955730 AT
0.799663 0.206655 0.952834 AT
0.819865 0.218914 0.906082 AT
0.664983 0.173380 0.997518 AT
0.904040 0.257443 0.844104 AT
0.949495 0.506130 0.239910 AT
0.986532 0.245184 0.740588 AT
0.885522 0.364273 0.686885 AT
0.410774 0.112084 0.989822 AT
0.868687 0.099825 0.965825 MT
0.833333 0.087566 0.998759 MT
0.996633 0.068301 0.996276 MT
0.996633 0.131349 0.872983 MT
0.749158 0.112084 0.992966 MT
0.964646 0.070053 0.985933 MT
0.833333 0.112084 0.972280 MT
0.936027 0.145359 0.945387 MT
0.927609 0.115587 0.919321 MT
0.698653 0.161121 0.985519 MT
0.530303 0.101576 0.988002 MT
0.959596 0.059545 0.996276 MT
1.000000 0.106830 0.965660 MT
0.900673 0.057793 1.000000 MT
0.917508 0.092820 0.978072 MT
0.833333 0.089317 0.995449 MT
0.796296 0.099825 0.969797 MT
0.998316 0.127846 0.819280 MT
0.838384 0.000000 0.998345 MT
0.875421 0.068301 0.995863 MT
0.961279 0.113835 0.926024 MT
0.833333 0.040280 0.998759 MT
0.749158 0.056042 0.999586 MT
0.966330 0.054291 0.997104 MT
0.904040 0.073555 0.984692 MT
0.883838 0.085814 0.994208 MT
0.952862 0.052539 0.996276 MT
0.883838 0.052539 0.997931 MT
0.765993 0.164623 0.942987 MT
0.959596 0.075306 0.983285 MT
0.927609 0.113835 0.930079 MT
0.614478 0.260946 0.946628 MT
0.922559 0.152364 0.955730 MT
0.984848 0.061296 0.991312 MT
0.835017 0.113835 0.943401 MT
0.515152 0.129597 0.988829 MT
0.749158 0.103327 0.987174 MT
0.799663 0.092820 0.997104 MT
0.883838 0.099825 0.964005 MT
0.791246 0.119089 0.986429 MT
0.905724 0.159370 0.939595 MT
0.892256 0.094571 0.991312 MT
0.880471 0.141856 0.920149 MT
0.843434 0.113835 0.940836 MT
0.749158 0.232925 0.984692 MT
0.715488 0.070053 0.994456 MT
0.530303 0.383538 0.974762 MT
0.964646 0.073555 0.933802 MT
0.841751 0.418564 0.935043 MT
0.629630 0.084063 0.995035 MT
0.799663 0.113835 0.946711 MT
0.664983 0.159370 0.985933 MT
0.690236 0.313485 0.918494 MT
0.848485 0.106830 0.959868 MT
0.974747 0.285464 0.906082 MT
1.000000 0.113835 0.924286 MT
