1000 3
0.5589225589225589  0.14711033274956217  0.9697972693421597  Others
0.5841750841750841  0.3502626970227671  0.9102192800992966  AT
0.5589225589225589  0.07180385288966724  0.9830368225072403  AT
0.9377104377104377  0.1733800350262697  0.7696317749275962  Others
0.9074074074074074  0.36952714535901926  0.7290856433595366  Others
0.8198653198653199  0.20140105078809106  0.9358709143566405  Others
0.5471380471380471  0.3222416812609457  0.9681423251965247  Others
0.6986531986531986  0.14535901926444833  0.9441456350848159  Others
0.8215488215488216  0.08056042031523643  0.9623500206868019  MT
0.9326599326599326  0.07355516637478109  0.9491104675217211  MT
0.9057239057239057  0.09982486865148861  0.8622258998758792  Others
0.7575757575757576  0.07005253940455342  0.983864294580058  MT
0.8720538720538721  0.07355516637478109  0.9590401323955317  MT
0.664983164983165  0.3309982486865149  0.9474555233760861  AT
0.5808080808080809  0.05604203152364273  0.9933802234174597  AT
0.7474747474747474  0.10157618213660245  0.8994621431526686  Others
0.6616161616161615  0.2329246935201401  0.8978899462143153  AT
0.7037037037037037  0.17513134851138354  0.9474555233760861  AT
0.49663299663299665  0.08056042031523643  0.9648324369052544  Others
0.8198653198653199  0.19089316987740806  0.8028134050475797  Others
0.8569023569023569  0.1295971978984238  0.9461729416632189  AT
0.7491582491582491  0.15236427320490367  0.9764997931319818  MT
0.8686868686868687  0.159369527145359  0.8700868845676458  Others
0.9326599326599326  0.3450087565674256  0.7149358709143566  AT
0.6683501683501684  0.20140105078809106  0.9103020273065784  AT
0.765993265993266  0.0840630472854641  0.9805544062887878  MT
0.7491582491582491  0.10157618213660245  0.9019445593711213  Others
0.4158249158249159  0.15586690017513136  0.9764170459247  AT
0.6296296296296297  0.14535901926444833  0.9433181630119983  Others
0.8265993265993266  0.8476357267950964  0.7298303682250724  AT
0.6363636363636364  0.07705779334500876  0.979809681423252  AT
0.962962962962963  0.15236427320490367  0.8564335953661564  AT
0.5134680134680134  0.09457092819614711  0.9813818783616053  AT
0.7508417508417509  0.10683012259194395  0.9449731071576334  MT
0.5505050505050505  0.1786339754816112  0.9540752999586264  MT
0.734006734006734  0.17688266199649738  0.9631774927596194  AT
0.7104377104377104  0.06654991243432574  0.9503516756309475  Others
0.47138047138047134  0.1646234676007005  0.8522962350020686  MT
1.0  0.22066549912434325  0.9735208936698386  AT
0.8838383838383839  0.19089316987740806  0.8233347124534547  AT
0.7575757575757576  0.19089316987740806  0.8539511791477038  AT
0.867003367003367  0.2679509632224168  0.8084402151427389  AT
0.8232323232323232  0.1085814360770578  0.9002896152254861  Others
0.8333333333333334  0.07005253940455342  0.9930492345883326  MT
1.0  0.06830122591943957  0.9731071576334299  Others
0.8131313131313131  0.138353765323993  0.9615225486139842  AT
0.6750841750841751  0.07355516637478109  0.9888291270169631  MT
0.7575757575757576  0.08056042031523643  0.9664873810508895  MT
0.8552188552188552  0.04903677758318739  0.9285064129085643  Others
0.8333333333333334  0.159369527145359  0.9507654116673562  AT
0.7457912457912458  0.09807355516637478  0.9599503516756309  AT
0.9393939393939394  0.13134851138353765  0.8522962350020686  Others
0.9932659932659933  0.4185639229422067  0.9309060819197352  AT
0.936026936026936  0.19089316987740806  0.8704095986760447  MT
0.8585858585858586  0.06654991243432574  0.9296648738105089  AT
0.7441077441077442  0.18213660245183888  0.9433181630119983  MT
0.5723905723905724  0.3134851138353765  0.9391808026479106  AT
0.4124579124579124  0.08231173380035026  0.9917252792718245  AT
0.6144781144781144  0.08581436077057793  0.9867604468349194  MT
0.5471380471380471  0.28371278458844135  0.877120397186595  AT
0.6632996632996633  0.1190893169877408  0.9640049648324369  AT
0.5976430976430976  0.18213660245183888  0.9805544062887878  Others
0.07912457912457915  0.18213660245183888  0.9697972693421597  MT
0.8686868686868687  0.09982486865148861  0.9658254033926355  MT
0.8148148148148149  0.08231173380035026  0.9175837815473727  Others
0.5033670033670034  0.11208406304728546  0.9930492345883326  AT
0.6986531986531986  0.0595446584938704  0.9962764584195284  MT
0.4730639730639731  0.2434325744308231  0.9764170459247  AT
0.7491582491582491  0.2434325744308231  0.8953247827885809  Others
0.797979797979798  0.04903677758318739  0.9491104675217211  Others
0.930976430976431  0.15236427320490367  0.8677699627637567  MT
0.7154882154882155  0.22066549912434325  0.8772031443938767  Others
0.5202020202020202  0.09982486865148861  0.9743483657426562  MT
0.6717171717171717  0.19089316987740806  0.9143566404633844  Others
0.6818181818181819  0.10157618213660245  0.9031857674803475  Others
0.7306397306397306  0.16637478108581435  0.965659908978072  AT
0.696969696969697  0.46935201401050786  0.80471659081506  AT
0.9612794612794613  0.14711033274956217  0.7944559371121225  MT
0.7087542087542087  0.1436077057793345  0.9474556061232934  MT
0.8333333333333334  0.08756567425569177  0.9987587918907737  MT
0.8097643097643098  0.38704028021015763  0.6549441456350849  Others
0.7693602693602694  0.19089316987740806  0.8320231692180389  AT
0.664983164983165  0.08581436077057793  0.9929664873810509  MT
0.5303030303030303  0.10332749562171628  0.9896565990897808  MT
0.8636363636363636  0.1733800350262697  0.9784857261067439  AT
0.5  0.138353765323993  0.9706247414149772  MT
0.7053872053872055  0.14185639229422067  0.9466280513032685  Others
0.7222222222222222  0.1330998248686515  0.936698386429458  AT
0.6750841750841751  0.09982486865148861  0.9693835333057509  MT
0.9158249158249159  0.2136602451838879  0.712453454695904  AT
0.6397306397306397  0.22066549912434325  0.8899462143152669  Others
0.7205387205387206  0.040280210157618214  0.9532478278858089  Others
0.7508417508417509  0.51138353765324  0.8713280926768722  AT
0.734006734006734  0.24518388791593695  0.8531237070748863  AT
0.7121212121212122  0.36427320490367776  0.7820438560198593  AT
0.4292929292929293  0.15586690017513136  0.9722796855606123  AT
0.36363636363636365  0.09807355516637478  0.9598676044683492  AT
0.45959595959595956  0.10332749562171628  0.9863467107985106  AT
0.49663299663299665  0.08581436077057793  0.9846917666528755  MT
0.7777777777777778  0.19964973730297722  0.9085643359536616  MT
0.8771043771043772  0.1786339754816112  0.8920148944973108  Others
0.765993265993266  0.1190893169877408  0.9185767480347539  Others
0.4797979797979798  0.09982486865148861  0.9880016549441456  MT
0.49663299663299665  0.15586690017513136  0.9693835333057509  AT
0.8585858585858586  0.08756567425569177  0.9267687215556475  Others
0.6835016835016835  0.3309982486865149  0.9060819197352089  AT
0.7407407407407407  0.22591943957968477  0.8887050062060405  Others
0.7222222222222222  0.1190893169877408  0.9478692594124948  Others
0.7996632996632996  0.3450087565674256  0.7736863880844022  AT
0.8383838383838383  0.12084063047285463  0.9251137774100124  Others
0.7946127946127945  0.040280210157618214  0.9586263963591228  AT
0.5084175084175084  0.3397548161120841  0.7943731899048407  AT
0.8047138047138047  0.6654991243432574  0.5834505585436491  AT
0.7474747474747474  0.11208406304728546  0.9362846503930492  MT
0.6077441077441077  0.0595446584938704  0.9739346297062474  MT
0.6919191919191919  0.1190893169877408  0.9077368638808441  AT
0.6952861952861953  0.436077057793345  0.9193214729002896  AT
0.468013468013468  0.2171628721541156  0.9739346297062474  MT
0.5858585858585859  0.3134851138353765  0.8775341332230038  AT
0.8855218855218855  0.3502626970227671  0.7323127844435251  AT
0.7070707070707071  0.23992994746059546  0.8729829540753  AT
0.867003367003367  0.36427320490367776  0.7736863880844022  AT
0.5235690235690236  0.2031523642732049  0.9573851882498966  AT
0.6279461279461279  0.2609457092819615  0.9764170459247  AT
0.9966329966329966  0.06830122591943957  0.9962763756723211  MT
0.7912457912457913  0.24518388791593695  0.8522962350020686  AT
0.9562289562289562  0.5709281961471103  0.0  AT
0.797979797979798  0.5954465849387041  0.7116259826230864  AT
0.898989898989899  0.05779334500875657  0.9213901530823335  Others
0.8956228956228957  0.07530647985989491  0.8663632602399669  AT
0.48989898989898994  0.15411558669001751  0.9474555233760861  Others
0.9966329966329966  0.13134851138353765  0.8729830368225072  MT
0.5218855218855218  0.06129597197898424  0.9433181630119983  Others
0.8686868686868687  0.07355516637478109  0.9652461729416633  MT
0.7491582491582491  0.11208406304728546  0.9929664873810509  MT
0.9713804713804713  0.04903677758318739  0.9311543235415805  Others
0.6565656565656566  0.15411558669001751  0.9267687215556475  Others
0.9175084175084175  0.2609457092819615  0.04964832436905253  AT
0.8737373737373737  0.1190893169877408  0.9263549855192388  Others
0.9410774410774411  0.15761821366024517  0.8589160115846091  Others
0.7424242424242424  0.1190893169877408  0.9648324369052544  Others
0.6313131313131313  0.02276707530647986  0.9697972693421597  AT
1.0  0.4763572679509632  0.8357467935457178  AT
0.9124579124579124  0.2819614711033275  0.8295407529995863  AT
0.5269360269360269  0.2171628721541156  0.9611088125775755  AT
0.8602693602693603  0.1786339754816112  0.8990484071162599  Others
0.9528619528619529  0.36427320490367776  0.5047579644187008  AT
0.7592592592592593  0.2609457092819615  0.7860984691766653  Others
0.7996632996632996  0.06830122591943957  0.9623500206868019  MT
0.9040404040404041  0.09982486865148861  0.8524617294166322  Others
0.8417508417508417  0.1436077057793345  0.8874637980968142  AT
0.9646464646464646  0.07005253940455342  0.9859329747621017  MT
0.49663299663299665  0.16637478108581435  0.967314853123707  MT
0.5909090909090908  0.43257443082311736  0.7870086884567646  AT
0.8602693602693603  0.18038528896672504  0.9015308233347125  Others
0.7626262626262627  0.1138353765323993  0.9480347538270584  MT
0.9966329966329966  0.18563922942206654  0.7860984691766653  Others
0.728956228956229  0.16112084063047286  0.9102192800992966  Others
0.9528619528619529  0.3572679509632224  0.7736863880844022  AT
0.7676767676767677  0.23467600700525393  0.9334712453454695  Others
0.8333333333333334  0.11208406304728546  0.9722796855606123  MT
0.7457912457912458  0.2469352014010508  0.7493587091435664  Others
0.6767676767676767  0.21015761821366025  0.9416632188663633  AT
0.44612794612794615  0.18739054290718038  0.9690525444766239  AT
0.8939393939393939  0.12084063047285463  0.902027306578403  MT
1.0  0.28546409807355516  0.35589573851882494  Others
0.3619528619528619  0.18213660245183888  0.9449731071576334  AT
0.7558922558922558  0.05253940455341506  0.9966901117087298  MT
0.7154882154882155  0.44658493870402804  0.6913529168390566  AT
0.6986531986531986  0.07530647985989491  0.9830368225072403  MT
0.5033670033670034  0.38003502626970226  0.877120397186595  AT
0.8164983164983165  0.19089316987740806  0.8498965659908978  Others
0.4814814814814815  0.11208406304728546  0.9623500206868019  AT
0.7811447811447811  0.138353765323993  0.9069093918080264  AT
0.7626262626262627  0.2084063047285464  0.927596193628465  Others
0.8383838383838383  0.27845884413309985  0.7919735208936698  AT
0.9511784511784511  0.7338003502626971  0.49648324369052543  AT
0.9713804713804713  0.12084063047285463  0.8482416218452627  AT
0.8754208754208754  0.12609457092819615  0.8788580885395118  Others
0.5875420875420876  0.1733800350262697  0.9731071576334299  AT
0.8888888888888888  0.08231173380035026  0.9387670666115019  Others
0.936026936026936  0.14535901926444833  0.9453868431940422  MT
0.9259259259259259  0.14535901926444833  0.8614811750103434  AT
0.82996632996633  0.2381786339754816  0.8489863467107985  Others
0.7154882154882155  0.0647985989492119  0.9929664873810509  MT
0.6868686868686869  0.18388791593695272  0.8293752585850227  Others
1.0  0.08581436077057793  0.9102275548200248  MT
0.6952861952861953  0.34851138353765326  0.8994621431526686  AT
0.664983164983165  0.138353765323993  0.9797269342159702  AT
0.8838383838383839  0.05253940455341506  0.9499379395945386  Others
0.664983164983165  0.1646234676007005  0.9871741828713281  AT
0.8047138047138047  0.3327495621716287  0.8477451386015722  Others
1.0  0.18914185639229422  0.6247414149772446  Others
0.8569023569023569  0.08756567425569177  0.9424906909391808  Others
0.7542087542087542  0.28546409807355516  0.9412494828299545  AT
0.5993265993265993  0.18038528896672504  0.9201664046338436  MT
0.7239057239057238  0.1436077057793345  0.9144393876706661  AT
0.8737373737373737  0.19089316987740806  0.8316094331816302  AT
0.8771043771043772  0.10332749562171628  0.9391808026479106  Others
0.9427609427609428  0.047285464098073555  0.9950351675630947  MT
0.9579124579124579  0.040280210157618214  0.9102192800992966  Others
0.9663299663299664  0.13134851138353765  0.8357467935457178  Others
0.8080808080808081  0.15236427320490367  0.9358709143566405  MT
0.7996632996632996  0.1733800350262697  0.9011170872983036  AT
0.7760942760942761  0.11558669001751314  0.9524203558129913  MT
0.7912457912457913  0.08056042031523643  0.9657426561853537  MT
0.8215488215488216  0.08231173380035026  0.9300786098469177  Others
0.765993265993266  0.10157618213660245  0.9087298303682251  Others
0.5808080808080809  0.07005253940455342  0.9896565990897808  MT
0.7861952861952862  0.09982486865148861  0.8754654530409599  Others
0.563973063973064  0.021015761821366025  0.9623500206868019  Others
0.968013468013468  0.2609457092819615  0.7910633016135705  Others
0.6835016835016835  0.17513134851138354  0.9648324369052544  AT
0.9158249158249159  0.0297723292469352  0.9252792718245759  Others
0.9259259259259259  0.1436077057793345  0.8622258998758792  AT
0.6734006734006734  0.09982486865148861  0.9813818783616053  MT
0.9276094276094276  0.11558669001751314  0.9193214729002896  MT
0.7239057239057238  0.10683012259194395  0.9462143152668597  MT
0.7861952861952862  0.18038528896672504  0.877120397186595  Others
0.9175084175084175  0.014010507880910683  0.9913115432354158  MT
0.7053872053872055  0.2732049036777583  0.9102275548200248  MT
0.7037037037037037  0.1733800350262697  0.9383533305750931  MT
0.9006734006734006  0.3309982486865149  0.8647083160943319  AT
1.0  0.2381786339754816  0.482498965659909  AT
0.6363636363636364  0.1190893169877408  0.9606950765411667  AT
0.9276094276094276  0.18914185639229422  0.7904013239553165  AT
0.7390572390572391  0.08756567425569177  0.9884153909805544  MT
1.0  0.1646234676007005  0.9764170459247  AT
0.9040404040404041  0.2381786339754816  0.8150599917252792  AT
0.8872053872053872  0.06830122591943957  0.9321472900289616  MT
0.9074074074074074  0.276707530647986  0.7240380637153496  AT
0.6818181818181819  0.1646234676007005  0.9664873810508895  AT
0.9191919191919192  0.1786339754816112  0.8506412908564336  AT
0.9478114478114478  0.2732049036777583  0.620612329333885  AT
0.7878787878787878  0.5709281961471103  0.4385601985932974  AT
0.6616161616161615  0.12084063047285463  0.9611088125775755  AT
0.9713804713804713  0.19089316987740806  0.546131568059578  Others
0.6851851851851851  0.050788091068301226  0.9702110053785685  AT
0.5925925925925926  0.1733800350262697  0.9296648738105089  MT
0.563973063973064  0.06830122591943957  0.9892676872155565  MT
1.0  0.1436077057793345  0.7538270583367811  AT
0.6481481481481481  0.08056042031523643  0.983864294580058  MT
0.5235690235690236  0.2434325744308231  0.9586263963591228  AT
0.29966329966329963  0.266199649737303  0.9491104675217211  AT
0.7794612794612794  0.13485113835376533  0.9226313611915598  Others
0.8922558922558923  0.07180385288966724  0.9152668597434837  MT
0.8855218855218855  0.10683012259194395  0.9268514687629292  AT
0.9444444444444444  0.19089316987740806  0.8274720728175424  AT
0.6986531986531986  0.16112084063047286  0.985519238725693  MT
1.0  0.19089316987740806  0.935043442283823  Others
0.9141414141414141  0.040280210157618214  0.9271824575920563  Others
0.9191919191919192  0.14010507880910683  0.8506412908564336  AT
0.9545454545454546  0.4851138353765324  0.5585436491518412  AT
0.9124579124579124  0.19439579684763572  0.82829954489036  Others
0.8013468013468014  0.06830122591943957  0.9768307819611088  MT
0.4629629629629629  0.05253940455341506  0.9921390153082333  MT
0.6902356902356903  0.1681260945709282  0.9557302441042614  AT
0.9528619528619529  0.18914185639229422  0.819197352089367  AT
0.6986531986531986  0.46409807355516636  0.8729830368225072  AT
0.8872053872053872  0.1436077057793345  0.8779478692594125  AT
0.6986531986531986  0.5236427320490368  0.8772031443938767  AT
0.5303030303030303  0.10157618213660245  0.9880016549441456  MT
0.7760942760942761  0.2504378283712785  0.8812577575506827  AT
0.9023569023569024  0.06129597197898424  0.9871741828713281  MT
0.49663299663299665  0.05779334500875657  0.9520066197765825  Others
0.9141414141414141  0.12084063047285463  0.8796028134050475  MT
0.49831649831649827  0.3397548161120841  0.7724451799751758  AT
0.8585858585858586  0.2609457092819615  0.9267687215556475  Others
0.7306397306397306  0.22416812609457093  0.8896152254861398  Others
0.8451178451178452  0.24518388791593695  0.8134050475796442  AT
0.664983164983165  0.3309982486865149  0.9019445593711213  AT
0.6717171717171717  0.404553415061296  0.9599503516756309  AT
0.664983164983165  0.09807355516637478  0.9917252792718245  AT
0.7154882154882155  0.29422066549912435  0.819197352089367  AT
0.8400673400673401  0.18038528896672504  0.8866363260239967  Others
0.8215488215488216  0.09457092819614711  0.9185767480347539  Others
0.7828282828282829  0.18038528896672504  0.9069921390153082  Others
0.8703703703703703  0.138353765323993  0.8866260653702938  Others
0.771043771043771  0.5709281961471103  0.6081919735208936  AT
0.4949494949494949  0.07005253940455342  0.9940422010757137  MT
0.765993265993266  0.1190893169877408  0.971038477451386  MT
0.9006734006734006  0.07530647985989491  0.9797269342159702  MT
0.734006734006734  0.36427320490367776  0.877120397186595  AT
0.6228956228956228  0.19089316987740806  0.9143566404633844  AT
0.9966329966329966  0.12784588441331  0.8407943731899048  Others
0.8602693602693603  0.24518388791593695  0.7695490277203144  AT
0.6279461279461279  0.07355516637478109  0.9722796855606123  MT
0.8484848484848485  0.040280210157618214  0.967314853123707  AT
0.8468013468013468  0.05779334500875657  0.9764170459247  MT
0.7878787878787878  0.19439579684763572  0.761274306992139  Others
0.8653198653198653  0.15586690017513136  0.9011170872983036  Others
0.7996632996632996  0.07005253940455342  0.9830368225072403  MT
0.8720538720538721  0.23992994746059546  0.753909805544063  AT
0.8367003367003367  0.1138353765323993  0.935043442283823  MT
0.49663299663299665  0.3397548161120841  0.8688456764584196  AT
0.24410774410774416  0.09807355516637478  0.9598676044683492  AT
0.6750841750841751  0.14185639229422067  0.9293338849813819  Others
0.8265993265993266  0.2381786339754816  0.6703351261894911  AT
0.7424242424242424  0.2609457092819615  0.8152254861398428  AT
0.8080808080808081  0.06830122591943957  0.9582126603227141  MT
0.867003367003367  0.14185639229422067  0.9060819197352089  Others
0.9292929292929293  0.18038528896672504  0.8456764584195283  Others
0.7407407407407407  0.1733800350262697  0.9292511377741002  MT
0.9175084175084175  0.1190893169877408  0.8514687629292511  MT
0.4124579124579124  0.09807355516637478  0.9962763756723211  AT
0.5757575757575757  0.10332749562171628  0.9557302441042614  AT
0.7996632996632996  0.14711033274956217  0.92594124948283  Others
0.7996632996632996  0.19439579684763572  0.8263136119155978  Others
0.734006734006734  0.13485113835376533  0.9271824575920563  Others
0.5808080808080809  0.138353765323993  0.9776582540339264  AT
0.8552188552188552  0.5814360770577933  0.9028547786512205  Others
0.728956228956229  0.1733800350262697  0.9333884981381878  AT
0.6986531986531986  0.11208406304728546  0.983864294580058  AT
0.6784511784511784  0.1138353765323993  0.9606950765411667  MT
0.9107744107744108  0.36427320490367776  0.7406702523789822  Others
0.6818181818181819  0.14535901926444833  0.9193214729002896  MT
0.8737373737373737  0.06830122591943957  0.9557302441042614  MT
0.8602693602693603  0.06830122591943957  0.9772445179975175  MT
0.9494949494949495  0.19264448336252188  0.7980968142325197  Others
0.7542087542087542  0.08581436077057793  0.994621431526686  MT
0.8804713804713805  0.19089316987740806  0.8109226313611916  AT
0.6818181818181819  0.18213660245183888  0.9706247414149772  Others
0.7171717171717171  0.18563922942206654  0.9309060819197352  Others
1.0  0.3327495621716287  0.19031857674803476  AT
0.6801346801346801  0.34851138353765326  0.8729830368225072  AT
0.9595959595959596  0.0595446584938704  0.9962763756723211  MT
0.9023569023569024  0.19089316987740806  0.8523789822093504  Others
0.8922558922558923  0.2539404553415061  0.7778237484484899  AT
0.6666666666666667  0.20490367775831875  0.8978071990070335  Others
0.936026936026936  0.46409807355516636  0.6768721555647497  AT
0.6313131313131313  0.19089316987740806  0.9102192800992966  AT
0.5437710437710438  0.11208406304728546  0.9913115432354158  AT
0.5740740740740741  0.18563922942206654  0.9267769962763757  MT
0.8973063973063973  0.1138353765323993  0.9251137774100124  MT
0.5808080808080809  0.3134851138353765  0.9127016963177492  AT
0.771043771043771  0.22591943957968477  0.902027306578403  Others
0.3619528619528619  0.6042031523642732  0.6868018204385602  Others
0.8585858585858586  0.36427320490367776  0.3103020273065784  AT
0.563973063973064  0.28021015761821366  0.9309060819197352  AT
0.5841750841750841  0.2136602451838879  0.9375258585022755  Others
0.4124579124579124  0.19089316987740806  0.9515928837401738  AT
0.7441077441077442  0.024518388791593695  0.9900703351261895  Others
0.7053872053872055  0.10332749562171628  0.974762101779065  MT
0.8973063973063973  0.09807355516637478  0.9077368638808441  AT
0.6060606060606061  0.10157618213660245  0.9284236657012825  Others
0.9377104377104377  0.0297723292469352  0.9474555233760861  Others
0.8468013468013468  0.1436077057793345  0.887877534133223  AT
0.7693602693602694  0.11208406304728546  0.9459660736450145  AT
0.9797979797979798  0.04903677758318739  0.9242863053371949  Others
0.7138047138047139  0.18563922942206654  0.9060819197352089  Others
0.6414141414141414  0.10332749562171628  0.989242863053372  AT
0.8316498316498316  0.0595446584938704  0.9739346297062474  AT
0.7744107744107744  0.1243432574430823  0.9226313611915598  MT
0.9175084175084175  0.1243432574430823  0.9474555233760861  MT
0.8468013468013468  0.11558669001751314  0.9478692594124948  MT
0.8164983164983165  0.15586690017513136  0.9623500206868019  AT
0.9141414141414141  0.18914185639229422  0.8721555647496897  AT
0.728956228956229  0.22591943957968477  0.9793131981795614  MT
0.4629629629629629  0.14711033274956217  0.9573024410426149  AT
0.7491582491582491  0.02276707530647986  0.9764170459247  AT
0.7239057239057238  0.07880910683012259  0.9714522134877948  Others
0.82996632996633  0.10683012259194395  0.9218038891187422  MT
0.6818181818181819  0.11208406304728546  0.9472900289615226  MT
0.6902356902356903  0.06830122591943957  0.9536615639222177  MT
1.0  0.1295971978984238  0.9706247414149772  AT
0.765993265993266  0.09982486865148861  0.9430699213901531  Others
0.5824915824915825  0.12084063047285463  0.9474555233760861  Others
0.5454545454545454  0.19089316987740806  0.9764997931319818  Others
0.8164983164983165  0.10157618213660245  0.8957385188249897  Others
0.771043771043771  0.09982486865148861  0.9839470417873397  MT
0.8703703703703703  0.12084063047285463  0.927596193628465  Others
0.797979797979798  0.14535901926444833  0.9387670666115019  AT
0.7070707070707071  0.13485113835376533  0.9395945386843194  Others
1.0  0.10683012259194395  0.965659908978072  MT
0.9006734006734006  0.05779334500875657  1.0  MT
0.7727272727272727  0.05779334500875657  0.9102192800992966  Others
0.6363636363636364  0.2084063047285464  0.8812577575506827  AT
0.7474747474747474  0.10332749562171628  0.9288374017376914  Others
0.6531986531986532  0.2819614711033275  0.9441456350848159  AT
0.9040404040404041  0.10683012259194395  0.8895324782788581  AT
0.7693602693602694  0.15586690017513136  0.9313198179561439  MT
0.6397306397306397  0.1733800350262697  0.9515928837401738  Others
0.8282828282828283  0.07530647985989491  0.9557302441042614  MT
0.7828282828282829  0.09807355516637478  0.9788994621431527  AT
0.7154882154882155  0.12084063047285463  0.9846917666528755  MT
0.7777777777777778  0.2381786339754816  0.6786098469176665  AT
0.9141414141414141  0.14535901926444833  0.8788580885395118  MT
0.7491582491582491  0.1190893169877408  0.9722796855606123  AT
0.6313131313131313  0.07705779334500876  0.9880844021514273  AT
0.6481481481481481  0.11208406304728546  0.9765825403392635  AT
0.8181818181818181  0.12084063047285463  0.9189077368638808  AT
0.9006734006734006  0.07355516637478109  0.9499379395945386  MT
0.8080808080808081  0.19089316987740806  0.8522962350020686  MT
0.8771043771043772  0.05779334500875657  0.9085643359536616  Others
0.4629629629629629  0.08581436077057793  0.9598676044683492  AT
0.4511784511784511  0.11208406304728546  0.9786512205213074  MT
0.8737373737373737  0.07180385288966724  0.9809681423251966  MT
0.6313131313131313  0.36427320490367776  0.9375258585022755  Others
0.5252525252525253  0.3362521891418564  0.9419114604882085  AT
0.835016835016835  0.05253940455341506  0.9847745138601572  MT
0.8905723905723906  0.1190893169877408  0.8661977658254034  MT
0.9292929292929293  0.1138353765323993  0.92594124948283  MT
1.0  0.3239929947460595  0.6818369880016549  AT
0.7727272727272727  0.14711033274956217  0.9894083574679354  Others
0.6346801346801347  0.11733800350262696  0.9675630947455524  AT
0.8501683501683501  0.13134851138353765  0.8581712867190732  Others
0.49663299663299665  0.159369527145359  0.9486967314853124  AT
0.5538720538720538  0.18563922942206654  0.930988829127017  Others
0.6430976430976432  0.4886164623467601  0.9391808026479106  AT
0.8013468013468014  0.36427320490367776  0.764997931319818  AT
0.7491582491582491  0.10157618213660245  0.8714935870914357  Others
0.563973063973064  0.29597197898423816  0.9830368225072403  Others
0.8754208754208754  0.18914185639229422  0.8723210591642532  AT
0.7070707070707071  0.12084063047285463  0.9598676044683492  MT
0.49663299663299665  0.30472854640980734  0.9515928837401738  AT
0.8282828282828283  0.0647985989492119  0.9954489035995036  MT
0.8333333333333334  0.14711033274956217  0.8978071990070335  Others
0.4797979797979798  0.07880910683012259  0.9715349606950765  Others
0.6683501683501684  0.138353765323993  0.9697972693421597  AT
0.6498316498316499  0.2504378283712785  0.8986346710798511  AT
0.8939393939393939  0.19089316987740806  0.8241621845262722  AT
0.6717171717171717  0.1733800350262697  0.9392635498551923  AT
0.9259259259259259  0.15586690017513136  0.9764170459247  AT
0.8484848484848485  0.021015761821366025  0.9896565990897808  MT
0.5404040404040404  0.2329246935201401  0.9230450972279686  AT
0.9175084175084175  0.09281961471103327  0.9780719900703351  MT
0.8164983164983165  0.2819614711033275  0.8100951592883741  AT
0.5942760942760943  0.15586690017513136  0.9226313611915598  Others
0.7154882154882155  0.0840630472854641  0.9809681423251966  MT
0.8333333333333334  0.0595446584938704  0.9925527513446422  MT
0.49158249158249157  0.3327495621716287  0.9424906909391808  AT
0.8333333333333334  0.0893169877408056  0.9954489035995036  MT
0.7744107744107744  0.13485113835376533  0.9292511377741002  Others
0.9175084175084175  0.10683012259194395  0.9102192800992966  AT
0.9797979797979798  0.2434325744308231  0.8026479106330161  AT
0.6986531986531986  0.15586690017513136  0.9764997931319818  AT
0.7794612794612794  0.11208406304728546  0.9449731071576334  MT
0.8888888888888888  0.15586690017513136  0.8659495242035582  Others
0.8333333333333334  0.10332749562171628  0.9888291270169631  AT
0.8417508417508417  0.01926444833625219  0.9387670666115019  Others
0.6111111111111112  0.09982486865148861  0.9726934215970211  MT
0.7154882154882155  0.08056042031523643  0.9706247414149772  MT
0.6986531986531986  0.19089316987740806  0.9267687215556475  Others
0.9090909090909091  0.18388791593695272  0.8250724038063715  Others
0.8333333333333334  0.08231173380035026  0.916839056681837  Others
0.7525252525252525  0.2084063047285464  0.9433181630119983  AT
0.7962962962962963  0.09982486865148861  0.9697972693421597  MT
0.664983164983165  0.10332749562171628  0.9830368225072403  Others
1.0  0.16637478108581435  0.8150599917252792  Others
0.6144781144781144  0.1085814360770578  0.9549027720314439  MT
0.6851851851851851  0.2574430823117338  0.8733140256516343  AT
0.6683501683501684  0.19439579684763572  0.9143566404633844  MT
0.47138047138047134  0.1295971978984238  0.9813818783616053  AT
0.601010101010101  0.07880910683012259  0.9871741828713281  MT
0.765993265993266  0.0647985989492119  0.9954489035995036  MT
0.5808080808080809  0.0297723292469352  0.989242863053372  AT
0.9292929292929293  0.1436077057793345  0.8688641290856434  AT
0.734006734006734  0.3134851138353765  0.9255275134464211  AT
0.8013468013468014  0.36427320490367776  0.8597434836574266  AT
0.468013468013468  0.1646234676007005  0.9642532064542821  AT
0.8737373737373737  0.08231173380035026  0.9300786098469177  Others
0.8417508417508417  0.07005253940455342  0.9755895738518825  MT
0.8619528619528619  0.2574430823117338  0.886222589987588  AT
0.7138047138047139  0.13485113835376533  0.9408357467935458  Others
0.9579124579124579  0.04903677758318739  0.9226313611915598  Others
0.8164983164983165  0.1190893169877408  0.888870500620604  MT
0.9983164983164983  0.12784588441331  0.8192800992966487  MT
0.8080808080808081  0.11208406304728546  0.9209764170459247  MT
0.8888888888888888  0.18388791593695272  0.7960281340504758  Others
0.7861952861952862  0.2609457092819615  0.8084402151427389  Others
0.8383838383838383  0.0  0.998345055854365  MT
0.7525252525252525  0.09982486865148861  0.9780719900703351  MT
0.5976430976430976  0.07005253940455342  0.9913115432354158  MT
0.7070707070707071  0.4658493870402802  0.893256102606537  AT
0.8552188552188552  0.05779334500875657  0.9958626396359123  MT
0.7441077441077442  0.07530647985989491  0.974762101779065  MT
0.8047138047138047  0.3572679509632224  0.7001241208109226  AT
0.7323232323232323  0.0840630472854641  0.9532478278858089  MT
0.6599326599326599  0.2434325744308231  0.9805544062887878  AT
0.962962962962963  0.1436077057793345  0.8613984278030616  AT
0.4175084175084175  0.10507880910683012  0.9764997931319818  MT
0.6414141414141414  0.09982486865148861  0.9793131981795614  MT
0.6936026936026936  0.10507880910683012  0.9822093504344228  MT
0.7356902356902357  0.01926444833625219  0.9780719900703351  Others
0.6666666666666667  0.1190893169877408  0.9693007860984691  MT
0.8181818181818181  0.09457092819614711  0.935043442283823  Others
0.5437710437710438  0.1190893169877408  0.9649979313198179  AT
0.24410774410774416  0.2084063047285464  0.945800579230451  AT
0.7575757575757576  0.3660245183887916  0.8398841539098055  AT
0.5269360269360269  0.06129597197898424  0.9873396772858916  MT
0.8484848484848485  0.08756567425569177  0.927596193628465  Others
0.8232323232323232  0.159369527145359  0.9146048820852296  AT
0.6851851851851851  0.07530647985989491  0.9764170459247  MT
0.24410774410774416  0.19964973730297722  0.9221717004551097  AT
0.9444444444444444  0.1436077057793345  0.8696732312784443  AT
0.9292929292929293  0.09982486865148861  0.9358709143566405  AT
0.8754208754208754  0.06830122591943957  0.9958626396359123  MT
0.8585858585858586  0.09982486865148861  0.8729830368225072  Others
0.39562289562289565  0.22591943957968477  0.9524203558129913  AT
0.9612794612794613  0.1138353765323993  0.9260239966901117  MT
0.6245791245791246  0.36427320490367776  0.8583367811336368  AT
0.8333333333333334  0.040280210157618214  0.998758874637981  MT
0.8249158249158249  0.26444833625218916  0.8034753827058336  AT
0.5505050505050505  0.15586690017513136  0.9582126603227141  AT
0.7457912457912458  0.07005253940455342  0.9917252792718245  MT
0.601010101010101  0.07005253940455342  0.9840297889946215  MT
0.9713804713804713  0.18038528896672504  0.8291270169631775  Others
0.6818181818181819  0.4185639229422067  0.8812577575506827  AT
0.5942760942760943  0.09982486865148861  0.9830368225072403  MT
0.765993265993266  0.11208406304728546  0.9783202316921804  AT
0.6717171717171717  0.159369527145359  0.9354571783202317  AT
0.8232323232323232  0.1733800350262697  0.9152668597434837  Others
0.8535353535353536  0.06830122591943957  0.9859329747621017  MT
0.7575757575757576  0.14535901926444833  0.9524203558129913  Others
0.8703703703703703  0.2609457092819615  0.7587918907736864  Others
0.9511784511784511  0.1436077057793345  0.8733760860570956  MT
0.7828282828282829  0.08231173380035026  0.9351261894911047  Others
0.7323232323232323  0.09982486865148861  0.9751344642118328  MT
0.7676767676767677  0.2434325744308231  0.8671907323127844  Others
0.6548821548821548  0.19089316987740806  0.9143566404633844  MT
0.8198653198653199  0.1330998248686515  0.9102192800992966  MT
0.8855218855218855  0.29597197898423816  0.9532478278858089  AT
0.6717171717171717  0.14185639229422067  0.9458833264377328  AT
0.7222222222222222  0.36427320490367776  0.9358709143566405  AT
0.6212121212121212  0.20140105078809106  0.9325610260653703  AT
0.7474747474747474  0.18038528896672504  0.9085643359536616  Others
0.7491582491582491  0.05604203152364273  0.9995862639635912  MT
0.5942760942760943  0.3327495621716287  0.8772858916011584  Others
0.7828282828282829  0.12084063047285463  0.9288374017376914  Others
0.9814814814814815  0.18563922942206654  0.784526272238312  Others
0.8872053872053872  0.040280210157618214  0.994621431526686  MT
0.9663299663299664  0.19089316987740806  0.7820438560198593  Others
0.4629629629629629  0.3204903677758319  0.9184940835746793  AT
0.6195286195286196  0.09807355516637478  0.9590401323955317  Others
0.5471380471380471  0.3572679509632224  0.927596193628465  MT
0.6784511784511784  0.36427320490367776  0.9035995035167563  Others
0.5976430976430976  0.07705779334500876  0.9896565990897808  AT
0.44612794612794615  0.2084063047285464  0.9474555233760861  AT
0.8047138047138047  0.19089316987740806  0.8398841539098055  AT
0.7323232323232323  0.0893169877408056  0.9925527513446422  MT
0.632996632996633  0.08756567425569177  0.9921390153082333  MT
0.8316498316498316  0.19089316987740806  0.8812577575506827  Others
0.6784511784511784  0.51138353765324  0.8647083160943319  AT
0.9124579124579124  0.09982486865148861  0.8539511791477038  Others
0.5303030303030303  0.3134851138353765  0.965659908978072  AT
0.9663299663299664  0.0542907180385289  0.9971038477451386  MT
0.3468013468013468  0.11208406304728546  0.9830368225072403  AT
0.7946127946127945  0.19089316987740806  0.8721555647496897  Others
0.5185185185185186  0.6077057793345009  0.877120397186595  AT
0.664983164983165  0.19089316987740806  0.9623500206868019  AT
1.0  0.2679509632224168  0.604054613156806  AT
0.9040404040404041  0.07355516637478109  0.9846917666528755  MT
0.7962962962962963  0.637478108581436  0.7116259826230864  AT
0.8838383838383839  0.08581436077057793  0.9942076954902772  MT
0.8585858585858586  0.3327495621716287  0.6876292925113777  Others
0.4006734006734006  0.18563922942206654  0.9664873810508895  AT
0.771043771043771  0.2084063047285464  0.8887877534133223  Others
0.8282828282828283  0.10332749562171628  0.9929664873810509  AT
0.5976430976430976  0.22066549912434325  0.9197352089366984  AT
0.6902356902356903  0.22591943957968477  0.927596193628465  AT
0.7592592592592593  0.1190893169877408  0.936698386429458  Others
0.8047138047138047  0.19089316987740806  0.9362846503930492  Others
0.5976430976430976  0.4798598949211909  0.9532478278858089  AT
0.9124579124579124  0.16637478108581435  0.8688457592056268  AT
0.49663299663299665  0.30823117338003503  0.8978071990070335  AT
0.9461279461279462  0.2434325744308231  0.7240380637153496  AT
0.7491582491582491  0.07005253940455342  0.9875879189077369  MT
0.8872053872053872  0.14886164623467601  0.936698386429458  Others
0.9949494949494949  0.2539404553415061  0.7728589160115846  Others
0.8400673400673401  0.1436077057793345  0.8909391808026479  AT
0.6296296296296297  0.12784588441331  0.9565577161770791  AT
0.6666666666666667  0.09982486865148861  0.9681423251965247  MT
0.9932659932659933  0.14185639229422067  0.8688457592056268  Others
0.8585858585858586  0.08056042031523643  0.9434836574265618  MT
0.8198653198653199  0.1138353765323993  0.9102192800992966  MT
0.43265993265993263  0.07880910683012259  0.9846917666528755  MT
0.7323232323232323  0.12084063047285463  0.9722796855606123  Others
0.7996632996632996  0.06830122591943957  0.979809681423252  MT
0.7104377104377104  0.05779334500875657  0.9333884981381878  Others
0.7154882154882155  0.09281961471103327  0.9937939594538684  AT
0.8451178451178452  0.1436077057793345  0.8358295407529996  AT
0.6313131313131313  0.1190893169877408  0.9880016549441456  AT
0.6801346801346801  0.18563922942206654  0.9683905668183699  Others
0.7861952861952862  0.15586690017513136  0.9035995035167563  Others
0.8164983164983165  0.19089316987740806  0.7877534133223003  AT
0.867003367003367  0.2679509632224168  0.7869259412494829  AT
0.8164983164983165  0.05253940455341506  0.9954489035995036  MT
0.9444444444444444  0.1733800350262697  0.8953247827885809  AT
0.5404040404040404  0.4028021015761821  0.9019445593711213  AT
0.7996632996632996  0.10332749562171628  0.9416632188663633  AT
0.7390572390572391  0.0542907180385289  0.9764170459247  MT
0.9528619528619529  0.05253940455341506  0.9962763756723211  MT
0.6868686868686869  0.36427320490367776  0.8340918494000827  AT
0.9343434343434344  0.2276707530647986  0.7259412494828299  Others
0.5875420875420876  0.27845884413309985  0.9143566404633844  Others
0.8501683501683501  0.06654991243432574  0.9205626810095159  AT
0.8198653198653199  0.07180385288966724  0.9698800165494414  MT
0.6885521885521886  0.37828371278458844  0.8978071990070335  AT
0.9124579124579124  0.2819614711033275  0.6743897393462971  AT
0.9932659932659933  0.27845884413309985  0.9697972693421597  AT
0.5841750841750841  0.14711033274956217  0.967314853123707  MT
0.7643097643097643  0.0297723292469352  0.9726934215970211  Others
0.7138047138047139  0.18563922942206654  0.9667356226727348  AT
0.3282828282828283  0.1646234676007005  0.9842780306164667  AT
0.7188552188552189  0.24518388791593695  0.8523596193628465  AT
0.7760942760942761  0.11208406304728546  0.9433181630119983  MT
0.6161616161616161  0.1295971978984238  0.9805544062887878  AT
0.8164983164983165  0.19439579684763572  0.9104675217211419  AT
0.19360269360269355  0.2084063047285464  0.8916011584609019  MT
0.734006734006734  0.14185639229422067  0.9557302441042614  AT
0.9040404040404041  0.18038528896672504  0.8067852709971038  Others
0.9074074074074074  0.19089316987740806  0.7179975175837816  Others
0.7424242424242424  0.1295971978984238  0.9561439801406703  AT
0.7356902356902357  0.18213660245183888  0.9309060819197352  MT
0.5892255892255892  0.22591943957968477  0.9325610260653703  Others
0.6498316498316499  0.1733800350262697  0.9391808026479106  AT
0.8316498316498316  0.22591943957968477  0.861415887463798  AT
0.9562289562289562  0.2609457092819615  0.25999172527927183  AT
0.8787878787878788  0.18038528896672504  0.9077369466280513  Others
0.6835016835016835  0.14535901926444833  0.9524203558129913  Others
0.82996632996633  0.18038528896672504  0.9267688043028548  Others
0.7929292929292929  0.22591943957968477  0.8522962350020686  Others
0.5521885521885521  0.18563922942206654  0.965659908978072  AT
0.9511784511784511  0.19439579684763572  0.7645841952834092  Others
0.8838383838383839  0.05253940455341506  0.9979313198179561  MT
1.0  0.2136602451838879  0.7116259826230864  AT
0.6818181818181819  0.0647985989492119  0.9921390153082333  MT
0.7491582491582491  0.138353765323993  0.9896565990897808  AT
0.765993265993266  0.1646234676007005  0.9429871741828714  MT
0.5420875420875421  0.06654991243432574  0.9681423251965247  Others
0.8956228956228957  0.06654991243432574  0.9346297062474141  Others
0.6565656565656566  0.46409807355516636  0.8647083160943319  AT
0.9242424242424242  0.19439579684763572  0.6868018204385602  Others
0.49663299663299665  0.1190893169877408  0.9664873810508895  Others
0.9595959595959596  0.07530647985989491  0.9832850641290857  MT
0.48316498316498313  0.22066549912434325  0.9338022341745966  MT
0.9276094276094276  0.1138353765323993  0.9300786098469177  MT
0.7323232323232323  0.19089316987740806  0.8829127016963177  AT
0.6784511784511784  0.07880910683012259  0.9714522134877948  Others
0.664983164983165  0.1733800350262697  0.9656599917252793  AT
0.6582491582491583  0.06129597197898424  0.9532478278858089  Others
0.6952861952861953  0.2136602451838879  0.7654116673562268  Others
0.664983164983165  0.06304728546409807  0.9942076954902772  MT
0.0  0.1733800350262697  0.9408357467935458  AT
0.8552188552188552  0.18038528896672504  0.8689284236657013  Others
0.9326599326599326  0.1138353765323993  0.9052544476623914  MT
0.6144781144781144  0.2609457092819615  0.9466280513032685  MT
0.6515151515151515  0.1733800350262697  0.9184940835746793  Others
0.8535353535353536  0.1436077057793345  0.8779478692594125  AT
0.664983164983165  0.1190893169877408  0.9640049648324369  AT
0.9764309764309764  0.12609457092819615  0.883243773272652  Others
0.8316498316498316  0.0595446584938704  0.9846917666528755  MT
0.8552188552188552  0.2084063047285464  0.9449731071576334  AT
0.6363636363636364  0.09457092819614711  0.9434836574265618  AT
0.8838383838383839  0.12084063047285463  0.8871328092676872  MT
0.7744107744107744  0.10332749562171628  0.9391808026479106  MT
0.696969696969697  0.19089316987740806  0.9227141083988415  MT
0.8501683501683501  0.05253940455341506  0.985519238725693  MT
0.8518518518518519  0.08056042031523643  0.9570045510964005  MT
0.6868686868686869  0.2469352014010508  0.935043442283823  Others
0.8501683501683501  0.06129597197898424  0.9358709143566405  Others
0.8451178451178452  0.6287215411558669  0.8196110881257758  AT
0.39562289562289565  0.14711033274956217  0.9888291270169631  AT
0.67003367003367  0.08581436077057793  0.9888291270169631  MT
0.9225589225589226  0.15236427320490367  0.9557302441042614  MT
0.7626262626262627  0.28371278458844135  0.844104261481175  AT
0.7003367003367003  0.1330998248686515  0.9205626810095159  Others
0.7794612794612794  0.26444833625218916  0.9561439801406703  AT
1.0  0.06654991243432574  0.8978071990070335  AT
0.8905723905723906  0.09982486865148861  0.9516756309474556  AT
0.7575757575757576  0.1190893169877408  0.941745966073645  AT
0.6818181818181819  0.06129597197898424  0.9911460488208523  MT
0.8434343434343434  0.1190893169877408  0.9111294993793959  Others
0.8215488215488216  0.1436077057793345  0.9325610260653703  AT
0.5976430976430976  0.07880910683012259  0.9714522134877948  Others
0.9848484848484849  0.06129597197898424  0.9913115432354158  MT
0.835016835016835  0.1138353765323993  0.9434009102192801  MT
0.9814814814814815  0.1436077057793345  0.9309061646669425  AT
0.7946127946127945  0.09982486865148861  0.9805544062887878  AT
0.5151515151515151  0.1295971978984238  0.9888291270169631  MT
0.9158249158249159  0.10332749562171628  0.9205626810095159  Others
0.8333333333333334  0.10332749562171628  0.990897807199007  AT
0.8501683501683501  0.19089316987740806  0.8366570128258172  Others
0.7407407407407407  0.23467600700525393  0.8762929251137774  AT
0.765993265993266  0.1733800350262697  0.9267687215556475  AT
0.9882154882154882  0.12609457092819615  0.87877534133223  Others
0.765993265993266  0.06129597197898424  0.9801406702523789  MT
0.7929292929292929  0.06830122591943957  0.9648324369052544  MT
0.5303030303030303  0.19089316987740806  0.9780719900703351  AT
0.8232323232323232  0.22591943957968477  0.8564335953661564  Others
0.7171717171717171  0.11208406304728546  0.9285064129085643  AT
1.0  0.404553415061296  0.9557302441042614  AT
0.6313131313131313  0.12084063047285463  0.9733553992552751  AT
0.44781144781144777  0.14711033274956217  0.9797269342159702  AT
0.9427609427609428  0.2434325744308231  0.7199007033512619  Others
0.8333333333333334  0.14185639229422067  0.9442283822920976  Others
0.664983164983165  0.46409807355516636  0.8729830368225072  AT
0.7053872053872055  0.1733800350262697  0.9238725693007861  AT
0.7474747474747474  0.06830122591943957  0.9615225486139842  MT
0.9764309764309764  0.19089316987740806  0.7571369466280513  AT
0.8939393939393939  0.04903677758318739  0.9395945386843194  Others
0.8097643097643098  0.19089316987740806  0.7945386843194042  Others
0.7592592592592593  0.19089316987740806  0.9064956557716177  AT
0.664983164983165  0.14711033274956217  0.9391808026479106  Others
0.5808080808080809  0.1681260945709282  0.9515928837401738  AT
1.0  0.1436077057793345  0.8349193214729003  AT
0.7491582491582491  0.10332749562171628  0.9871741828713281  MT
0.9478114478114478  1.0  0.20728175424079442  AT
0.5303030303030303  0.14185639229422067  0.9557302441042614  Others
0.5707070707070707  0.1646234676007005  0.9764170459247  AT
0.7356902356902357  0.2504378283712785  0.8854778651220522  AT
0.8787878787878788  0.06129597197898424  0.9358709143566405  Others
0.5437710437710438  0.08756567425569177  0.9917252792718245  MT
0.8047138047138047  0.20140105078809106  0.8522962350020686  Others
0.3282828282828283  0.27845884413309985  0.9681423251965247  AT
0.7996632996632996  0.09281961471103327  0.9971038477451386  MT
0.38888888888888884  0.14711033274956217  0.9937939594538684  AT
0.6818181818181819  0.22066549912434325  0.9060819197352089  AT
1.0  0.11208406304728546  0.9716177079023582  AT
0.8249158249158249  0.040280210157618214  0.9863467107985106  MT
0.5808080808080809  0.18213660245183888  0.9681423251965247  AT
0.9006734006734006  0.1138353765323993  0.935043442283823  MT
0.7154882154882155  0.2504378283712785  0.8759619362846504  AT
0.8838383838383839  0.09982486865148861  0.9640049648324369  MT
0.6582491582491583  0.3450087565674256  0.9383533305750931  AT
0.7491582491582491  0.10683012259194395  0.9780719900703351  MT
0.9006734006734006  0.07355516637478109  0.9408357467935458  MT
0.7912457912457913  0.1190893169877408  0.9864294580057923  MT
0.734006734006734  0.44658493870402804  0.7530823334712453  AT
0.6986531986531986  0.20665499124343256  0.9640049648324369  AT
0.5808080808080809  0.22591943957968477  0.9019445593711213  AT
0.8047138047138047  0.11208406304728546  0.9403806371534961  Others
0.9057239057239057  0.159369527145359  0.9395945386843194  MT
0.8703703703703703  0.19439579684763572  0.7459660736450144  Others
0.9175084175084175  0.1436077057793345  0.8572610674389739  AT
0.9057239057239057  0.38704028021015763  0.6661150186181216  Others
0.6986531986531986  0.01926444833625219  0.9499379395945386  Others
0.8737373737373737  0.06830122591943957  0.9333884981381878  MT
0.7878787878787878  0.1295971978984238  0.9243690525444767  MT
0.664983164983165  0.3309982486865149  0.9309060819197352  AT
0.8451178451178452  0.017513134851138354  0.9856019859329748  MT
0.6195286195286196  0.11208406304728546  0.9685560612329334  AT
0.7929292929292929  0.18038528896672504  0.9144393876706661  Others
0.9141414141414141  0.1436077057793345  0.8708316094331816  AT
0.6818181818181819  0.20490367775831875  0.9371121224658667  MT
0.7491582491582491  0.2084063047285464  0.918494000827472  AT
0.8249158249158249  0.19089316987740806  0.8920148944973108  AT
0.9208754208754208  0.19089316987740806  0.8456764584195283  AT
0.8080808080808081  0.2819614711033275  0.7820438560198593  AT
0.35858585858585856  0.2171628721541156  0.9482829954489036  AT
0.7474747474747474  0.38704028021015763  0.8415639222176252  Others
0.9057239057239057  0.36427320490367776  0.43028547786512206  AT
0.9006734006734006  0.19089316987740806  0.8357467935457178  AT
0.7239057239057238  0.10157618213660245  0.8978071990070335  Others
0.8838383838383839  0.2504378283712785  0.7860984691766653  AT
0.8148148148148149  0.09982486865148861  0.8829127016963177  Others
0.8417508417508417  0.12784588441331  0.9375258585022755  Others
0.7407407407407407  0.11733800350262696  0.9001241208109226  MT
0.7592592592592593  0.18038528896672504  0.9019445593711213  Others
0.9259259259259259  0.1138353765323993  0.9044278030616467  MT
0.9175084175084175  0.36427320490367776  0.7488622258998758  Others
0.6228956228956228  0.19089316987740806  0.9561439801406703  AT
0.14309764309764306  0.19089316987740806  0.9817956143980141  AT
0.9882154882154882  0.36952714535901926  0.4245453868431941  Others
0.8922558922558923  0.09457092819614711  0.9913115432354158  MT
0.9006734006734006  0.040280210157618214  0.9474555233760861  Others
0.4124579124579124  0.2084063047285464  0.9888291270169631  AT
0.8888888888888888  0.1436077057793345  0.9086470831609433  AT
0.8956228956228957  0.18388791593695272  0.7968556061232933  Others
0.7037037037037037  0.1436077057793345  0.9218038891187422  AT
0.5707070707070707  0.2469352014010508  0.9449731071576334  Others
0.7272727272727273  0.3450087565674256  0.8920148944973108  AT
0.8804713804713805  0.14185639229422067  0.9201489449731072  MT
0.771043771043771  0.276707530647986  0.8709143566404633  AT
0.7457912457912458  0.10157618213660245  0.8854778651220522  Others
0.4747474747474747  0.08231173380035026  0.9898220935043442  AT
0.936026936026936  0.36427320490367776  0.2523789822093504  AT
0.6548821548821548  0.10332749562171628  0.9681423251965247  MT
0.6818181818181819  0.07880910683012259  0.9863467107985106  MT
0.025252525252525304  0.05253940455341506  0.9969383533305751  MT
0.7794612794612794  0.38353765323992994  0.9416632188663633  AT
0.7744107744107744  0.08231173380035026  0.930988829127017  Others
0.4124579124579124  0.1646234676007005  0.9846917666528755  AT
0.7356902356902357  0.1295971978984238  0.9467107985105503  MT
0.8703703703703703  0.043782837127845885  0.994621431526686  MT
0.6885521885521886  0.09982486865148861  0.9714522134877948  MT
0.6683501683501684  0.2381786339754816  0.74480761274307  Others
0.7491582491582491  0.07880910683012259  0.9797269342159702  Others
0.6397306397306397  0.2469352014010508  0.9338022341745966  Others
0.5993265993265993  0.07005253940455342  0.9921390153082333  MT
0.8367003367003367  0.15761821366024517  0.877120397186595  Others
0.49663299663299665  0.3134851138353765  0.9623500206868019  AT
0.6818181818181819  0.1330998248686515  0.9358709143566405  AT
0.6531986531986532  0.28371278458844135  0.9533305750930906  AT
0.9427609427609428  0.2609457092819615  0.786181216383947  Others
0.7845117845117845  0.08231173380035026  0.9449731071576334  Others
0.9932659932659933  0.04553415061295972  0.886222589987588  AT
0.8501683501683501  0.3572679509632224  0.46338436077782375  AT
0.5808080808080809  0.1646234676007005  0.9681423251965247  AT
0.5269360269360269  0.159369527145359  0.9549027720314439  AT
0.8013468013468014  0.14535901926444833  0.8833264377327266  AT
0.7087542087542087  0.19439579684763572  0.9035995035167563  AT
0.7491582491582491  0.07005253940455342  0.9776582540339264  MT
0.7996632996632996  0.1138353765323993  0.94009102192801  MT
0.44612794612794615  0.11208406304728546  0.9780719900703351  MT
0.7003367003367003  0.1733800350262697  0.9358709143566405  AT
0.67003367003367  0.1295971978984238  0.9599503516756309  MT
0.3535353535353535  0.1646234676007005  0.9805544062887878  AT
0.7575757575757576  0.13485113835376533  0.9362846503930492  Others
0.9545454545454546  0.36427320490367776  0.6373189904840711  AT
0.8585858585858586  0.46935201401050786  0.3516756309474556  AT
0.7575757575757576  0.1330998248686515  0.9127016963177492  Others
0.6851851851851851  0.19439579684763572  0.8936698386429458  Others
0.49663299663299665  0.19089316987740806  0.965659908978072  AT
0.7306397306397306  0.24518388791593695  0.8709143566404633  AT
0.8181818181818181  0.19089316987740806  0.8167149358709144  AT
0.9494949494949495  0.1138353765323993  0.9267687215556475  Others
0.6313131313131313  0.13134851138353765  0.9081505999172528  MT
0.49831649831649827  0.19964973730297722  0.9391808026479106  AT
0.5976430976430976  0.4185639229422067  0.8357467935457178  Others
0.8434343434343434  0.1138353765323993  0.9408357467935458  MT
0.5218855218855218  0.09807355516637478  0.9784857261067439  MT
0.9814814814814815  0.12084063047285463  0.9598676044683492  AT
0.8265993265993266  0.27845884413309985  0.8663632602399669  AT
0.4494949494949495  0.1733800350262697  0.9714522134877948  AT
0.7323232323232323  0.06304728546409807  0.990897807199007  MT
0.8400673400673401  0.08231173380035026  0.9321472900289616  Others
0.9175084175084175  0.04903677758318739  0.9434009102192801  Others
0.7693602693602694  0.06830122591943957  0.970707488622259  Others
0.7491582491582491  0.2329246935201401  0.9846917666528755  MT
0.34511784511784516  0.15761821366024517  0.8936698386429458  MT
0.3619528619528619  0.14185639229422067  0.9784857261067439  MT
0.4124579124579124  0.07355516637478109  0.9889946214315267  AT
0.7491582491582491  0.1733800350262697  0.9063301613570542  AT
0.8333333333333334  0.01926444833625219  0.9817956143980141  MT
0.49663299663299665  0.266199649737303  0.9797269342159702  AT
0.6986531986531986  0.0840630472854641  0.9805544062887878  MT
0.8333333333333334  0.08056042031523643  0.9644187008688456  AT
0.8821548821548821  0.15236427320490367  0.8937525858502275  MT
0.8249158249158249  0.017513134851138354  0.9847745138601572  MT
0.8754208754208754  0.45359019264448336  0.7132809267687216  AT
0.6599326599326599  0.3660245183887916  0.877120397186595  AT
0.8333333333333334  0.06654991243432574  0.9896565990897808  MT
0.6262626262626263  0.2084063047285464  0.9573851882498966  AT
0.8956228956228957  0.2521891418563923  0.790235829540753  AT
0.5235690235690236  0.15586690017513136  0.9693835333057509  MT
0.9225589225589226  0.050788091068301226  0.9805544062887878  MT
0.7996632996632996  0.12084063047285463  0.9185767480347539  Others
0.7154882154882155  0.07005253940455342  0.9944559371121224  MT
0.5303030303030303  0.36427320490367776  0.877120397186595  AT
0.8097643097643098  0.0893169877408056  0.9557302441042614  MT
0.7929292929292929  0.2504378283712785  0.8109226313611916  AT
0.9393939393939394  0.06654991243432574  0.9238725693007861  AT
0.7946127946127945  0.16637478108581435  0.9333884981381878  Others
0.9444444444444444  0.05779334500875657  0.9325610260653703  Others
0.7037037037037037  0.10157618213660245  0.9276789408357468  Others
0.7457912457912458  0.10157618213660245  0.8723210591642532  Others
0.8148148148148149  0.06654991243432574  0.960281340504758  MT
0.7070707070707071  0.14185639229422067  0.9412494828299545  Others
0.5303030303030303  0.38353765323992994  0.974762101779065  MT
1.0  0.19089316987740806  0.7199834505585436  AT
0.5707070707070707  0.2609457092819615  0.9962763756723211  AT
0.8249158249158249  0.15586690017513136  0.8522962350020686  Others
0.9377104377104377  0.5236427320490368  0.19031857674803476  AT
0.5808080808080809  0.09982486865148861  0.9805544062887878  MT
0.49663299663299665  0.07705779334500876  0.9863467107985106  AT
0.8787878787878788  0.12084063047285463  0.918494000827472  MT
0.6919191919191919  0.06830122591943957  0.9788994621431527  MT
0.49663299663299665  0.0647985989492119  0.994621431526686  MT
0.8063973063973064  0.1786339754816112  0.9143566404633844  Others
0.7912457912457913  0.1733800350262697  0.9383533305750931  AT
0.6851851851851851  0.36427320490367776  0.8357467935457178  AT
0.8552188552188552  0.1436077057793345  0.9071576334298718  AT
0.6043771043771045  0.22591943957968477  0.9325610260653703  Others
0.7946127946127945  0.14711033274956217  0.9285064129085643  AT
0.8552188552188552  0.11558669001751314  0.9231278444352503  AT
0.4562289562289562  0.3397548161120841  0.8903599503516756  AT
0.7441077441077442  0.2469352014010508  0.9296648738105089  Others
0.6885521885521886  0.04903677758318739  0.9822093504344228  MT
0.9259259259259259  0.1190893169877408  0.9079851055026893  Others
0.8939393939393939  0.1436077057793345  0.8667769962763756  AT
0.5892255892255892  0.37478108581436076  0.935043442283823  AT
0.8417508417508417  0.51138353765324  0.7985105502689285  Others
0.8367003367003367  0.06654991243432574  0.9805544062887878  MT
0.6818181818181819  0.2136602451838879  0.8398841539098055  AT
0.29966329966329963  0.18213660245183888  0.927596193628465  Others
0.7003367003367003  0.050788091068301226  0.9966441870086885  MT
0.3468013468013468  0.09281961471103327  0.9900703351261895  AT
0.6228956228956228  0.10332749562171628  0.9681423251965247  MT
0.9646464646464646  0.07355516637478109  0.9338022341745966  MT
0.8417508417508417  0.4185639229422067  0.935043442283823  MT
0.8383838383838383  0.51138353765324  0.725279271824576  AT
0.6818181818181819  0.6392294220665499  0.6785270997103847  Others
1.0  0.09457092819614711  0.9267687215556475  Others
0.8787878787878788  0.14886164623467601  0.8965659908978072  Others
0.6868686868686869  0.14185639229422067  0.9434009102192801  MT
0.7441077441077442  0.06654991243432574  0.9309060819197352  AT
0.6902356902356903  0.4010507880910683  0.9640049648324369  AT
0.5909090909090908  0.15586690017513136  0.9780719900703351  AT
0.765993265993266  0.3555166374781086  0.9577989242863053  AT
0.5303030303030303  0.1733800350262697  0.961936284650393  AT
0.867003367003367  0.4448336252189142  0.7390980554406289  AT
0.563973063973064  0.11208406304728546  0.9631774927596194  Others
0.867003367003367  0.0542907180385289  0.9932147290028962  MT
0.9595959595959596  0.040280210157618214  0.9441456350848159  Others
0.9797979797979798  0.19089316987740806  0.7290028961522549  Others
0.6936026936026936  0.09982486865148861  0.9764170459247  MT
0.8737373737373737  0.12084063047285463  0.9106330161357055  Others
0.44612794612794615  0.06129597197898424  0.9391808026479106  Others
0.7003367003367003  0.12084063047285463  0.9387670666115019  AT
0.6447811447811448  0.07005253940455342  0.9793131981795614  MT
0.8703703703703703  0.1295971978984238  0.9863467107985106  AT
0.6296296296296297  0.0840630472854641  0.9950351675630947  MT
0.8367003367003367  0.07530647985989491  0.9474555233760861  MT
0.6868686868686869  0.11558669001751314  0.9495242035581299  MT
0.7525252525252525  0.12084063047285463  0.9474555233760861  Others
0.9393939393939394  0.45359019264448336  0.5338022341745966  AT
0.6481481481481481  0.06830122591943957  0.9917252792718245  MT
0.8468013468013468  0.19089316987740806  0.8531237070748863  Others
0.7356902356902357  0.22591943957968477  0.8936882912701696  AT
0.9696969696969697  0.1681260945709282  0.8522962350020686  MT
0.8333333333333334  0.19089316987740806  0.8564335953661564  AT
0.6885521885521886  0.138353765323993  0.9722796855606123  AT
0.8451178451178452  0.06830122591943957  0.927596193628465  MT
0.8872053872053872  0.1786339754816112  0.8978071990070335  AT
0.7996632996632996  0.1138353765323993  0.9467107985105503  MT
0.664983164983165  0.11208406304728546  0.9449731071576334  Others
0.5808080808080809  0.30472854640980734  0.9557302441042614  AT
0.6515151515151515  0.11208406304728546  0.9598676044683492  Others
0.8973063973063973  0.09982486865148861  0.9434009102192801  AT
0.664983164983165  0.159369527145359  0.9859329747621017  MT
0.7996632996632996  0.20665499124343256  0.9528340918494  AT
0.8484848484848485  0.08231173380035026  0.9027720314439388  Others
0.8333333333333334  0.11208406304728546  0.92594124948283  Others
0.7693602693602694  0.10683012259194395  0.9060819197352089  AT
0.9259259259259259  0.18388791593695272  0.8111708729830368  Others
0.8838383838383839  0.15586690017513136  0.8882912701696317  Others
0.6279461279461279  0.15411558669001751  0.9362846503930492  AT
0.7760942760942761  0.2609457092819615  0.6826644600744725  AT
0.8316498316498316  0.14010507880910683  0.8815059991725279  AT
0.8198653198653199  0.21891418563922943  0.9060819197352089  AT
0.8754208754208754  0.05779334500875657  0.9948696731485313  MT
0.8754208754208754  0.1786339754816112  0.8564335953661564  Others
0.9814814814814815  0.09982486865148861  0.9317335539925528  Others
0.9730639730639731  0.13134851138353765  0.8609019445593711  Others
0.8434343434343434  0.10683012259194395  0.9371121224658667  MT
0.7794612794612794  0.15586690017513136  0.9112122465866777  AT
0.6531986531986532  0.19964973730297722  0.9243690525444767  AT
0.664983164983165  0.1733800350262697  0.9975175837815474  AT
0.7542087542087542  0.12609457092819615  0.9640049648324369  Others
0.7323232323232323  0.11558669001751314  0.9383533305750931  AT
0.7121212121212122  0.3397548161120841  0.6702523789822094  AT
0.9040404040404041  0.2574430823117338  0.844104261481175  AT
0.6902356902356903  0.3134851138353765  0.918494000827472  MT
0.8484848484848485  0.10683012259194395  0.9598676044683492  MT
0.6060606060606061  0.36427320490367776  0.571038477451386  AT
0.6178451178451179  0.06654991243432574  0.9681423251965247  MT
1.0  0.22416812609457093  0.7736863880844022  Others
0.8047138047138047  0.46935201401050786  0.546131568059578  AT
0.8417508417508417  0.014010507880910683  0.9433181630119983  Others
0.7491582491582491  0.050788091068301226  0.9525031030202731  MT
0.6178451178451179  0.06830122591943957  0.9873396772858916  MT
0.9494949494949495  0.5061295971978984  0.23991013653289206  AT
0.8754208754208754  0.12084063047285463  0.8947207281754241  AT
0.8922558922558923  0.12084063047285463  0.9111294993793959  AT
0.9747474747474747  0.28546409807355516  0.9060819197352089  MT
0.7845117845117845  0.19439579684763572  0.9334712453454695  Others
0.8333333333333334  0.0542907180385289  0.9944559371121224  MT
0.9865319865319865  0.24518388791593695  0.7405875051717005  AT
0.7491582491582491  0.09982486865148861  0.9846917666528755  MT
0.7845117845117845  0.2276707530647986  0.8585022755482002  Others
0.7676767676767677  0.05779334500875657  0.9296648738105089  Others
0.6565656565656566  0.19089316987740806  0.8664460074472486  AT
0.7222222222222222  0.10157618213660245  0.9102192800992966  Others
0.8097643097643098  0.09982486865148861  0.92594124948283  Others
0.8686868686868687  0.06654991243432574  0.9515928837401738  Others
0.6498316498316499  0.3572679509632224  0.8630533719486967  Others
0.8771043771043772  0.1436077057793345  0.9011170872983036  AT
0.7744107744107744  0.040280210157618214  0.950517170045511  Others
0.8097643097643098  0.138353765323993  0.9491104675217211  Others
0.6784511784511784  0.23117338003502627  0.7696317749275962  AT
0.8855218855218855  0.36427320490367776  0.6868845676458419  AT
0.5303030303030303  0.29597197898423816  0.9557302441042614  AT
0.835016835016835  0.1733800350262697  0.9027720314439388  AT
0.8097643097643098  0.1330998248686515  0.9309060819197352  AT
0.4107744107744108  0.11208406304728546  0.9898220935043442  AT
0.5808080808080809  0.3397548161120841  0.7695490277203144  AT
0.6734006734006734  0.22591943957968477  0.8813405047579644  AT
0.7239057239057238  0.1786339754816112  0.9557302441042614  AT
0.5993265993265993  0.11208406304728546  0.9731071576334299  MT
0.797979797979798  0.10157618213660245  0.8754654530409599  Others
0.4629629629629629  0.287215411558669  0.877120397186595  AT
0.9074074074074074  0.18563922942206654  0.8477451386015722  Others
0.563973063973064  0.1190893169877408  0.9681423251965247  MT
1.0  0.1138353765323993  0.9242863053371949  MT
0.8148148148148149  0.0297723292469352  0.9172527927182458  Others
0.8838383838383839  0.06830122591943957  0.9325610260653703  MT
0.82996632996633  0.2434325744308231  0.8647083160943319  Others
0.8198653198653199  0.2381786339754816  0.7488622258998758  AT
0.5808080808080809  0.0595446584938704  0.9950351675630947  MT
mileage  power  price  transmission