1000 3
263000.0  125.0  380000  Others
248000.0  241.0  1100000  AT
263000.0  82.0  220000  AT
38000.0  140.0  2799000  Others
56000.0  252.0  3289000  Others
108000.0  156.0  790000  Others
270000.0  225.0  400000  Others
180000.0  124.0  690000  Others
107000.0  87.0  470000  MT
41000.0  83.0  630000  MT
57000.0  98.0  1680000  Others
145000.0  81.0  210000  MT
77000.0  83.0  510000  MT
200000.0  230.0  650000  AT
250000.0  73.0  95000  AT
151000.0  99.0  1230000  Others
202000.0  174.0  1249000  AT
177000.0  141.0  650000  AT
300000.0  87.0  440000  Others
108000.0  150.0  2398000  Others
86000.0  115.0  665500  AT
150000.0  128.0  299000  MT
79000.0  132.0  1585000  Others
41000.0  238.0  3460000  AT
198000.0  156.0  1099000  AT
140000.0  89.0  250000  MT
150000.0  99.0  1200000  Others
348000.0  130.0  300000  AT
221000.0  124.0  700000  Others
104000.0  525.0  3280000  AT
217000.0  85.0  259000  AT
23000.0  128.0  1750000  AT
290000.0  95.0  240000  AT
149000.0  102.0  680000  MT
268000.0  143.0  570000  MT
159000.0  142.0  460000  AT
173000.0  79.0  615000  Others
315000.0  135.0  1800000  MT
1000.0  167.0  335000  AT
70000.0  150.0  2150000  AT
145000.0  150.0  1780000  AT
80000.0  194.0  2330000  AT
106000.0  103.0  1220000  Others
100000.0  81.0  99000  MT
1000.0  80.0  340000  Others
112000.0  120.0  480000  AT
194000.0  83.0  150000  MT
145000.0  87.0  420000  MT
87000.0  69.0  879000  Others
100000.0  132.0  610000  AT
152000.0  97.0  499000  AT
37000.0  116.0  1800000  Others
5000.0  280.0  850000  AT
39000.0  150.0  1581100  MT
85000.0  79.0  865000  AT
153000.0  145.0  700000  MT
255000.0  220.0  750000  AT
350000.0  88.0  115000  AT
230000.0  90.0  175000  MT
270000.0  203.0  1500000  AT
201000.0  109.0  450000  AT
240000.0  145.0  250000  Others
548000.0  145.0  380000  MT
79000.0  98.0  428000  MT
111000.0  88.0  1011000  Others
296000.0  105.0  99000  AT
180000.0  75.0  59999  MT
314000.0  180.0  300000  AT
150000.0  180.0  1280000  Others
121000.0  69.0  630000  Others
42000.0  128.0  1613000  MT
170000.0  167.0  1499000  Others
286000.0  98.0  325000  MT
196000.0  150.0  1050000  Others
190000.0  99.0  1185000  Others
161000.0  136.0  430000  AT
181000.0  309.0  2375000  AT
24000.0  125.0  2499000  MT
174000.0  123.0  649999  MT
100000.0  91.0  30000  MT
114000.0  262.0  4185000  Others
138000.0  150.0  2045000  AT
200000.0  90.0  100000  MT
280000.0  100.0  140000  MT
82000.0  140.0  275000  AT
298000.0  120.0  370000  MT
176000.0  122.0  660000  Others
166000.0  117.0  780000  AT
194000.0  98.0  385000  MT
51000.0  163.0  3490000  AT
215000.0  167.0  1345000  Others
167000.0  64.0  580000  Others
149000.0  333.0  1570000  AT
159000.0  181.0  1790000  AT
172000.0  249.0  2649000  AT
340000.0  130.0  350000  AT
379000.0  97.0  500000  AT
322000.0  100.0  180000  AT
300000.0  90.0  200000  MT
133000.0  155.0  1120000  MT
74000.0  143.0  1320000  Others
140000.0  109.0  999000  Others
310000.0  98.0  160000  MT
300000.0  130.0  385000  AT
85000.0  91.0  900000  Others
189000.0  230.0  1150000  AT
155000.0  170.0  1360000  Others
166000.0  109.0  645000  Others
120000.0  238.0  2750000  AT
97000.0  110.0  920000  Others
123000.0  64.0  515000  AT
293000.0  235.0  2500000  AT
117000.0  421.0  5049000  AT
151000.0  105.0  785000  MT
234000.0  75.0  330000  MT
184000.0  109.0  1130000  AT
182000.0  290.0  990000  AT
317000.0  165.0  330000  MT
247000.0  220.0  1495000  AT
69000.0  241.0  3250000  AT
175000.0  178.0  1550001  AT
80000.0  249.0  2750000  AT
284000.0  157.0  530000  AT
222000.0  190.0  300000  AT
3000.0  80.0  60000  MT
125000.0  181.0  1800000  AT
27000.0  367.0  12100000  AT
121000.0  381.0  3500000  AT
61000.0  74.0  965000  Others
63000.0  84.0  1630000  AT
304000.0  129.0  650000  Others
3000.0  116.0  1550000  MT
285000.0  76.0  700000  Others
79000.0  83.0  435000  MT
150000.0  105.0  100000  MT
18000.0  69.0  847000  Others
205000.0  129.0  900000  Others
50000.0  190.0  11500000  AT
76000.0  109.0  905000  Others
36000.0  131.0  1720000  Others
154000.0  109.0  440000  Others
220000.0  54.0  380000  AT
1000.0  313.0  2000000  AT
53000.0  202.0  2075000  AT
282000.0  165.0  485000  AT
84000.0  143.0  1235000  Others
29000.0  249.0  6000000  AT
144000.0  190.0  2600000  Others
120000.0  80.0  470000  MT
58000.0  98.0  1798000  Others
95000.0  123.0  1375000  AT
22000.0  81.0  185000  MT
300000.0  136.0  410000  MT
244000.0  288.0  2589000  AT
84000.0  144.0  1205000  Others
142000.0  106.0  643000  MT
3000.0  147.0  2600000  Others
162000.0  133.0  1100000  Others
29000.0  245.0  2750000  AT
139000.0  175.0  819000  Others
100000.0  105.0  350000  MT
152000.0  182.0  3044000  Others
193000.0  161.0  720000  AT
330000.0  148.0  389000  AT
64000.0  110.0  1199000  MT
1000.0  204.0  7799000  Others
380000.0  145.0  680000  AT
146000.0  71.0  55000  MT
170000.0  296.0  3745000  AT
180000.0  84.0  220000  MT
296000.0  258.0  1500000  AT
110000.0  150.0  1829000  Others
309000.0  105.0  470000  AT
131000.0  120.0  1140000  AT
142000.0  160.0  890000  Others
97000.0  200.0  2529000  AT
30000.0  460.0  6100000  AT
18000.0  110.0  1849000  AT
75000.0  113.0  1479000  Others
246000.0  140.0  340000  AT
67000.0  88.0  755000  Others
39000.0  124.0  675000  MT
45000.0  124.0  1689000  AT
102000.0  177.0  1840000  Others
170000.0  78.0  100000  MT
187000.0  146.0  2077000  Others
1000.0  90.0  1099900  MT
182000.0  240.0  1230000  AT
200000.0  120.0  260000  AT
70000.0  71.0  620000  Others
200000.0  135.0  170000  AT
117000.0  231.0  1855000  Others
1000.0  149.0  4550000  Others
86000.0  91.0  710000  Others
147000.0  204.0  725000  AT
239000.0  144.0  979789  MT
165000.0  123.0  1049000  AT
76000.0  150.0  2050000  AT
74000.0  100.0  750000  Others
35000.0  68.0  75000  MT
26000.0  64.0  1100000  Others
21000.0  116.0  2000000  Others
115000.0  128.0  790000  MT
120000.0  140.0  1210000  AT
134000.0  107.0  590000  MT
125000.0  87.0  429000  MT
107000.0  88.0  860000  Others
140000.0  99.0  1118000  Others
250000.0  81.0  140000  MT
128000.0  98.0  1520000  Others
260000.0  53.0  470000  Others
20000.0  190.0  2540000  Others
189000.0  141.0  440000  AT
51000.0  58.0  918000  Others
45000.0  123.0  1680000  AT
195000.0  98.0  240000  MT
44000.0  107.0  990000  MT
165000.0  102.0  665000  MT
128000.0  144.0  1500000  Others
50000.0  49.0  120000  MT
176000.0  197.0  1099900  MT
177000.0  140.0  760000  MT
60000.0  230.0  1650000  AT
1000.0  177.0  6269000  AT
217000.0  109.0  490000  AT
44000.0  149.0  2548000  AT
156000.0  91.0  155000  MT
1000.0  135.0  300000  AT
58000.0  177.0  2250000  AT
68000.0  80.0  835000  MT
56000.0  199.0  3350000  AT
190000.0  135.0  420000  AT
49000.0  143.0  1820000  AT
32000.0  197.0  4599900  AT
127000.0  367.0  6800000  AT
202000.0  110.0  485000  AT
18000.0  150.0  5500000  Others
188000.0  70.0  375000  AT
243000.0  140.0  865000  MT
260000.0  80.0  144700  MT
1000.0  123.0  2990000  AT
210000.0  87.0  210000  MT
284000.0  180.0  515000  AT
417000.0  193.0  630000  AT
132000.0  118.0  950000  Others
65000.0  82.0  1039000  MT
69000.0  102.0  899000  AT
34000.0  150.0  2100000  AT
180000.0  133.0  190000  MT
1000.0  150.0  800000  Others
52000.0  64.0  895000  Others
49000.0  121.0  1820000  AT
28000.0  318.0  5350000  AT
53000.0  152.0  2090000  Others
119000.0  80.0  295000  MT
320000.0  71.0  110000  MT
185000.0  137.0  550000  AT
29000.0  149.0  2200000  AT
180000.0  306.0  1550000  AT
68000.0  123.0  1490000  AT
180000.0  340.0  1499000  AT
280000.0  99.0  160000  MT
134000.0  184.0  1450000  AT
59000.0  76.0  170000  MT
300000.0  74.0  595000  Others
52000.0  110.0  1470000  MT
299000.0  235.0  2765000  AT
85000.0  190.0  900000  Others
161000.0  169.0  1349000  Others
93000.0  181.0  2270000  AT
200000.0  230.0  1200000  AT
196000.0  272.0  499000  AT
200000.0  97.0  115000  AT
170000.0  209.0  2200000  AT
96000.0  144.0  1385000  Others
107000.0  95.0  999000  Others
130000.0  144.0  1139000  Others
78000.0  120.0  1385124  Others
137000.0  367.0  4750000  AT
301000.0  81.0  87000  MT
140000.0  109.0  365000  MT
60000.0  84.0  260000  MT
159000.0  249.0  1500000  AT
225000.0  150.0  1050000  AT
3000.0  114.0  1939000  Others
84000.0  181.0  2800000  AT
222000.0  83.0  350000  MT
91000.0  64.0  410000  AT
92000.0  74.0  300000  MT
127000.0  152.0  2900000  Others
81000.0  130.0  1210000  Others
120000.0  81.0  220000  MT
77000.0  178.0  2989000  AT
98000.0  106.0  800000  MT
300000.0  235.0  1600000  AT
450000.0  97.0  500000  AT
194000.0  122.0  869000  Others
104000.0  177.0  3999000  AT
154000.0  190.0  2248000  AT
115000.0  80.0  520000  MT
80000.0  122.0  1150000  Others
43000.0  144.0  1880000  Others
155000.0  140.0  870000  MT
50000.0  109.0  1810000  MT
350000.0  97.0  60000  AT
253000.0  100.0  550000  AT
120000.0  125.0  910000  Others
120000.0  152.0  2114000  Others
159000.0  118.0  895000  Others
250000.0  120.0  285000  AT
87000.0  373.0  1189000  Others
162000.0  140.0  820000  AT
180000.0  105.0  210000  AT
192000.0  106.0  490000  MT
54000.0  249.0  3149000  Others
190000.0  124.0  990000  MT
76000.0  80.0  550000  MT
84000.0  80.0  290000  MT
31000.0  151.0  2455000  Others
147000.0  90.0  80000  MT
72000.0  150.0  2300000  AT
190000.0  145.0  370000  Others
169000.0  147.0  850000  Others
1000.0  231.0  9800000  AT
191000.0  240.0  1550000  AT
25000.0  75.0  60000  MT
59000.0  150.0  1799000  Others
65000.0  186.0  2700000  AT
199000.0  158.0  1250000  Others
39000.0  306.0  3920000  AT
220000.0  150.0  1100000  AT
272000.0  105.0  120000  AT
254000.0  147.0  899900  MT
62000.0  106.0  920000  MT
250000.0  220.0  1070000  AT
137000.0  170.0  1199000  Others
380000.0  386.0  3800000  Others
85000.0  249.0  8350000  AT
260000.0  201.0  850000  AT
248000.0  163.0  770000  Others
350000.0  150.0  600000  AT
153000.0  55.0  135000  Others
176000.0  100.0  320000  MT
62000.0  97.0  1130000  AT
235000.0  99.0  880000  Others
38000.0  58.0  650000  Others
92000.0  123.0  1370000  AT
138000.0  105.0  668000  AT
13000.0  69.0  930000  Others
171000.0  147.0  1150000  Others
214000.0  100.0  145000  AT
101000.0  75.0  330000  AT
135000.0  112.0  950000  MT
50000.0  112.0  650000  MT
92000.0  107.0  645000  MT
110000.0  130.0  470000  AT
52000.0  149.0  1560000  AT
162000.0  170.0  265000  MT
320000.0  125.0  531000  AT
150000.0  54.0  300000  AT
165000.0  86.0  360000  Others
102000.0  102.0  960000  MT
190000.0  105.0  652000  MT
185000.0  80.0  575000  MT
1000.0  115.0  370000  AT
140000.0  98.0  703000  Others
249000.0  110.0  650000  Others
271000.0  150.0  299000  Others
110000.0  99.0  1275000  Others
137000.0  98.0  209000  MT
78000.0  110.0  890000  Others
121000.0  124.0  755000  AT
175000.0  118.0  745000  Others
1000.0  102.0  430000  MT
60000.0  74.0  15000  MT
136000.0  74.0  1100000  Others
217000.0  160.0  1450000  AT
151000.0  100.0  875000  Others
207000.0  202.0  690000  AT
58000.0  102.0  1350000  AT
138000.0  130.0  845000  MT
215000.0  140.0  600000  Others
103000.0  84.0  550000  MT
130000.0  97.0  270000  AT
170000.0  110.0  200000  MT
133000.0  177.0  3899000  AT
52000.0  124.0  1479000  MT
150000.0  109.0  350000  AT
220000.0  85.0  159000  AT
210000.0  105.0  298000  AT
109000.0  110.0  995000  AT
60000.0  83.0  620000  MT
115000.0  150.0  1800000  MT
74000.0  74.0  1120000  Others
320000.0  90.0  500000  AT
327000.0  105.0  273000  MT
76000.0  82.0  245000  MT
220000.0  249.0  770000  Others
283000.0  233.0  717000  AT
99000.0  71.0  199000  MT
66000.0  109.0  1632000  MT
43000.0  106.0  910000  MT
1000.0  226.0  3860000  AT
136000.0  125.0  143000  Others
218000.0  108.0  407000  AT
90000.0  116.0  1729000  Others
300000.0  132.0  635000  AT
266000.0  147.0  849000  Others
213000.0  320.0  750000  AT
119000.0  249.0  2855000  AT
150000.0  99.0  1568000  Others
260000.0  210.0  220000  Others
75000.0  149.0  1558000  AT
175000.0  110.0  500000  MT
300000.0  215.0  600000  AT
103000.0  78.0  70000  MT
100000.0  125.0  1250000  Others
310000.0  86.0  359000  Others
198000.0  120.0  380000  AT
209000.0  184.0  1240000  AT
64000.0  150.0  2140000  AT
196000.0  140.0  749000  AT
45000.0  130.0  300000  AT
91000.0  53.0  140000  MT
274000.0  174.0  945000  AT
50000.0  94.0  280000  MT
110000.0  202.0  2310000  AT
242000.0  130.0  950000  Others
170000.0  89.0  245000  MT
100000.0  75.0  105000  MT
303000.0  231.0  710000  AT
100000.0  92.0  70000  MT
135000.0  118.0  870000  Others
50000.0  102.0  1100000  AT
13000.0  180.0  2400000  AT
180000.0  130.0  299000  AT
132000.0  105.0  680000  MT
67000.0  130.0  1635000  Others
100000.0  100.0  150000  AT
95000.0  52.0  755000  Others
232000.0  98.0  345000  MT
170000.0  87.0  370000  MT
180000.0  150.0  900000  Others
55000.0  146.0  2129000  Others
100000.0  88.0  1020000  Others
148000.0  160.0  700000  AT
122000.0  98.0  380000  MT
200000.0  100.0  220000  Others
1000.0  136.0  2250000  Others
230000.0  103.0  560000  MT
188000.0  188.0  1546000  AT
198000.0  152.0  1050000  MT
315000.0  115.0  240000  AT
238000.0  86.0  170000  MT
140000.0  78.0  70000  MT
250000.0  58.0  145000  AT
43000.0  123.0  1599777  AT
159000.0  220.0  915000  AT
119000.0  249.0  1710000  AT
317000.0  135.0  447000  AT
76000.0  88.0  860000  Others
95000.0  81.0  310000  MT
83000.0  188.0  1390000  AT
171000.0  118.0  730000  Others
26000.0  69.0  950000  Others
110000.0  109.0  1358000  MT
2000.0  114.0  2199000  MT
115000.0  105.0  970000  MT
67000.0  146.0  2480000  Others
128000.0  190.0  2330000  Others
97000.0  41.0  35000  MT
148000.0  98.0  280000  MT
240000.0  81.0  120000  MT
175000.0  307.0  1305000  AT
87000.0  74.0  65000  MT
153000.0  84.0  320000  MT
117000.0  245.0  3639000  AT
160000.0  89.0  580000  MT
203000.0  180.0  250000  AT
23000.0  123.0  1690000  AT
347000.0  101.0  299000  MT
214000.0  98.0  265000  MT
183000.0  101.0  230000  MT
158000.0  52.0  280000  Others
199000.0  109.0  386000  MT
109000.0  95.0  800000  Others
272000.0  109.0  438000  AT
450000.0  160.0  670000  AT
145000.0  250.0  1950000  AT
282000.0  76.0  168000  MT
91000.0  91.0  890000  Others
106000.0  132.0  1047000  AT
188000.0  84.0  300000  MT
450000.0  155.0  955555  AT
34000.0  123.0  1589999  AT
43000.0  98.0  790000  AT
75000.0  80.0  65000  MT
85000.0  98.0  1550000  Others
360000.0  170.0  590000  AT
24000.0  106.0  909000  MT
224000.0  249.0  1727000  AT
100000.0  64.0  29999  MT
105000.0  192.0  2390000  AT
268000.0  130.0  520000  AT
152000.0  81.0  115000  MT
238000.0  81.0  208000  MT
18000.0  144.0  2080000  Others
190000.0  280.0  1450000  AT
242000.0  98.0  220000  MT
140000.0  105.0  277000  AT
196000.0  132.0  795000  AT
106000.0  140.0  1039000  Others
88000.0  80.0  185000  MT
145000.0  124.0  590000  Others
78000.0  190.0  2930000  Others
30000.0  123.0  1545250  MT
130000.0  88.0  799000  Others
160000.0  98.0  315500  MT
139000.0  180.0  1620000  Others
206000.0  150.0  1050000  MT
108000.0  117.0  1100000  MT
69000.0  210.0  580000  AT
196000.0  122.0  669000  AT
166000.0  249.0  790000  AT
226000.0  156.0  830000  AT
151000.0  144.0  1120000  Others
150000.0  73.0  20000  MT
242000.0  231.0  1498000  Others
130000.0  110.0  875000  Others
12000.0  147.0  2619000  Others
68000.0  64.0  80000  MT
21000.0  150.0  2649000  Others
320000.0  224.0  999999  AT
227000.0  97.0  510000  Others
270000.0  245.0  890000  MT
192000.0  249.0  1180000  Others
240000.0  85.0  140000  AT
330000.0  160.0  650000  AT
117000.0  150.0  1950000  AT
160000.0  92.0  105000  MT
219000.0  91.0  110000  MT
101000.0  150.0  1450000  Others
192000.0  333.0  1650000  AT
53000.0  98.0  1780000  Others
280000.0  220.0  430000  AT
21000.0  72.0  50000  MT
389000.0  105.0  220000  AT
123000.0  150.0  1560000  Others
287000.0  388.0  1500000  AT
200000.0  150.0  470000  AT
1000.0  194.0  4800000  AT
58000.0  83.0  200000  MT
122000.0  405.0  3500000  AT
70000.0  90.0  85000  MT
85000.0  231.0  3790000  Others
357000.0  147.0  420000  AT
137000.0  160.0  1359000  Others
103000.0  100.0  100000  AT
240000.0  167.0  985000  AT
185000.0  170.0  890000  AT
144000.0  109.0  780000  Others
117000.0  150.0  785000  Others
240000.0  315.0  580000  AT
53000.0  136.0  1599999  AT
300000.0  217.0  1250000  AT
33000.0  180.0  3350000  AT
150000.0  81.0  165000  MT
68000.0  126.0  780000  Others
4000.0  186.0  2760000  Others
96000.0  123.0  1333000  AT
221000.0  114.0  540000  AT
199000.0  98.0  400000  MT
5000.0  122.0  1599999  Others
85000.0  87.0  698000  MT
108000.0  106.0  1100000  MT
338000.0  86.0  200000  MT
160000.0  110.0  350000  Others
120000.0  80.0  259000  MT
173000.0  74.0  820000  Others
170000.0  94.0  90000  AT
93000.0  123.0  1999000  AT
220000.0  109.0  160000  AT
191000.0  147.0  397000  Others
128000.0  130.0  1180000  Others
110000.0  150.0  2580000  AT
80000.0  194.0  2590000  AT
110000.0  71.0  70000  MT
34000.0  140.0  1280000  AT
274000.0  271.0  1200000  AT
120000.0  100.0  720000  AT
156000.0  72.0  300000  MT
29000.0  71.0  60000  MT
187000.0  249.0  2020000  AT
40000.0  171.0  3327000  Others
246000.0  200.0  1050000  Others
90000.0  79.0  975000  AT
108000.0  82.0  379000  MT
186000.0  257.0  1250000  AT
53000.0  202.0  3950000  AT
5000.0  200.0  380000  AT
248000.0  125.0  410000  MT
141000.0  58.0  345000  Others
171000.0  147.0  417000  AT
400000.0  135.0  205000  AT
168000.0  181.0  1799234  AT
134000.0  105.0  700000  MT
229000.0  115.0  250000  AT
110000.0  152.0  1097000  AT
480000.0  160.0  1325000  MT
159000.0  122.0  550000  AT
58000.0  144.0  2350000  Others
56000.0  150.0  3423000  Others
154000.0  115.0  545000  AT
158000.0  145.0  850000  MT
245000.0  170.0  830000  Others
209000.0  140.0  750000  AT
101000.0  170.0  1689789  AT
27000.0  190.0  8958000  AT
73000.0  144.0  1129999  Others
189000.0  124.0  590000  Others
102000.0  144.0  899999  Others
124000.0  170.0  1800000  Others
267000.0  147.0  430000  AT
30000.0  152.0  2860000  Others
70000.0  71.0  40000  MT
1000.0  163.0  3500000  AT
190000.0  78.0  110000  MT
150000.0  120.0  140000  AT
140000.0  135.0  704000  MT
273000.0  79.0  400000  Others
63000.0  79.0  805000  Others
205000.0  306.0  1650000  AT
46000.0  152.0  3800000  Others
300000.0  109.0  420000  Others
25000.0  84.0  217000  MT
308000.0  167.0  815000  MT
44000.0  106.0  860000  MT
160000.0  150.0  1430000  AT
192000.0  86.0  360000  Others
200000.0  140.0  429999  AT
204000.0  76.0  580000  Others
182000.0  163.0  2850000  Others
200000.0  77.0  85000  MT
595000.0  140.0  730000  AT
87000.0  144.0  1599000  Others
41000.0  106.0  1160000  MT
230000.0  190.0  660000  MT
208000.0  140.0  999999  Others
88000.0  123.0  1490000  AT
200000.0  109.0  450000  AT
15000.0  113.0  1425999  Others
101000.0  75.0  200000  MT
87000.0  160.0  680000  AT
217000.0  95.0  698000  AT
70000.0  110.0  1379000  MT
135000.0  100.0  750000  MT
181000.0  150.0  949000  MT
90000.0  71.0  190000  MT
89000.0  87.0  534600  MT
187000.0  182.0  800000  Others
90000.0  76.0  790000  Others
93000.0  400.0  2195000  AT
360000.0  125.0  150000  AT
197000.0  90.0  150000  MT
47000.0  128.0  550000  MT
142000.0  203.0  1899000  AT
179000.0  117.0  975000  Others
132000.0  192.0  545000  AT
1000.0  79.0  1250000  AT
66000.0  98.0  599000  AT
145000.0  109.0  719000  AT
190000.0  76.0  122000  MT
94000.0  109.0  1089000  Others
107000.0  123.0  830000  AT
240000.0  86.0  360000  Others
10000.0  76.0  120000  MT
99000.0  106.0  699000  MT
12000.0  123.0  849999  AT
123000.0  98.0  250000  AT
289000.0  115.0  150000  MT
51000.0  100.0  975000  Others
100000.0  100.0  125000  AT
90000.0  150.0  1989000  Others
155000.0  175.0  1510000  AT
140000.0  140.0  900000  AT
8000.0  113.0  1480000  Others
140000.0  76.0  255000  MT
124000.0  80.0  440000  MT
280000.0  150.0  280000  AT
106000.0  170.0  1750000  Others
169000.0  105.0  879000  AT
1000.0  272.0  550000  AT
220000.0  110.0  337000  AT
329000.0  125.0  260000  AT
35000.0  180.0  3400000  Others
100000.0  122.0  689000  Others
200000.0  306.0  1550000  AT
176000.0  140.0  935000  AT
151000.0  80.0  480000  MT
15000.0  150.0  2950000  AT
64000.0  69.0  745000  Others
114000.0  150.0  2498000  Others
144000.0  150.0  1145000  AT
200000.0  125.0  750000  Others
250000.0  137.0  600000  AT
1000.0  123.0  2010000  AT
150000.0  100.0  170000  MT
32000.0  612.0  9595000  AT
280000.0  122.0  550000  Others
256000.0  135.0  300000  AT
158000.0  184.0  1399000  AT
73000.0  76.0  790000  Others
272000.0  91.0  115000  MT
117000.0  156.0  1800000  Others
400000.0  200.0  400000  AT
120000.0  94.0  50000  MT
364000.0  125.0  90000  AT
190000.0  167.0  1150000  AT
1000.0  105.0  358000  AT
105000.0  64.0  180000  MT
250000.0  145.0  400000  AT
60000.0  106.0  800000  MT
170000.0  184.0  1514000  AT
70000.0  98.0  450000  MT
204000.0  238.0  760000  AT
150000.0  102.0  280000  MT
60000.0  83.0  730000  MT
125000.0  109.0  179000  MT
159000.0  296.0  2999000  AT
180000.0  159.0  450000  AT
250000.0  170.0  1200000  AT
117000.0  105.0  735500  Others
57000.0  132.0  745000  MT
78000.0  152.0  3085000  Others
50000.0  123.0  1740000  AT
57000.0  262.0  4050000  Others
180000.0  52.0  620000  Others
76000.0  80.0  820000  MT
127000.0  115.0  929000  MT
200000.0  230.0  850000  AT
93000.0  51.0  189000  MT
227000.0  105.0  395000  AT
124000.0  144.0  1049000  Others
52000.0  123.0  1576000  AT
190000.0  158.0  775000  MT
150000.0  160.0  1000000  AT
105000.0  150.0  1320000  AT
48000.0  150.0  1880000  AT
115000.0  202.0  2649000  AT
382000.0  165.0  640000  AT
151000.0  262.0  1929700  Others
57000.0  249.0  6900000  AT
60000.0  150.0  2000000  AT
165000.0  99.0  1250000  Others
70000.0  184.0  2600000  AT
111000.0  98.0  1430000  Others
95000.0  114.0  770000  Others
155000.0  108.0  1222000  MT
144000.0  144.0  1200000  Others
45000.0  106.0  1169990  MT
50000.0  249.0  3050000  Others
225000.0  150.0  545000  AT
510000.0  150.0  235000  AT
8000.0  252.0  6969369  Others
65000.0  95.0  120000  MT
60000.0  64.0  650000  Others
350000.0  160.0  150000  AT
67000.0  123.0  1119000  AT
63000.0  146.0  2470000  Others
177000.0  123.0  960000  AT
256000.0  182.0  680000  Others
163000.0  238.0  1320000  AT
72000.0  122.0  980000  MT
137000.0  199.0  1575000  AT
152000.0  99.0  1399000  Others
313000.0  88.0  138000  AT
39000.0  249.0  9050000  AT
206000.0  100.0  400000  MT
190000.0  86.0  180000  MT
580000.0  71.0  52000  MT
132000.0  260.0  720000  AT
135000.0  88.0  849000  Others
350000.0  135.0  200000  AT
158000.0  115.0  659000  MT
78000.0  66.0  80000  MT
186000.0  98.0  360000  MT
198000.0  177.0  3099000  Others
150000.0  86.0  260000  Others
215000.0  182.0  815000  Others
239000.0  81.0  110000  MT
98000.0  131.0  1500000  Others
300000.0  220.0  470000  AT
190000.0  117.0  790000  AT
207000.0  203.0  579000  AT
35000.0  190.0  2599000  Others
129000.0  88.0  680000  Others
5000.0  67.0  1390000  AT
90000.0  245.0  6500000  AT
250000.0  135.0  400000  AT
282000.0  132.0  560000  AT
119000.0  124.0  1425000  AT
174000.0  152.0  1180000  AT
150000.0  81.0  285000  MT
120000.0  106.0  739000  MT
330000.0  105.0  280000  MT
179000.0  140.0  790000  AT
197000.0  115.0  499000  MT
385000.0  135.0  250000  AT
145000.0  118.0  785000  Others
28000.0  249.0  4398000  AT
85000.0  309.0  7850000  AT
145000.0  117.0  1070000  Others
188000.0  152.0  1300000  Others
300000.0  150.0  430000  AT
161000.0  181.0  1575000  AT
109000.0  150.0  2230000  AT
31000.0  106.0  900000  Others
220000.0  116.0  1125000  MT
299000.0  155.0  750000  AT
240000.0  280.0  2000000  Others
94000.0  106.0  730000  MT
285000.0  97.0  275000  MT
12000.0  110.0  500000  AT
104000.0  200.0  1630000  AT
328000.0  140.0  360000  AT
160000.0  77.0  125000  MT
96000.0  88.0  835000  Others
50000.0  69.0  699000  Others
138000.0  80.0  369000  Others
150000.0  174.0  200000  MT
390000.0  131.0  1300000  MT
380000.0  122.0  275000  MT
350000.0  83.0  148000  AT
150000.0  140.0  1147000  AT
100000.0  52.0  235000  MT
300000.0  193.0  260000  AT
180000.0  89.0  250000  MT
100000.0  87.0  445000  AT
71000.0  128.0  1299000  MT
105000.0  51.0  199000  MT
75000.0  300.0  3480000  AT
203000.0  250.0  1500000  AT
100000.0  79.0  140000  MT
223000.0  160.0  530000  AT
63000.0  185.0  2550000  AT
284000.0  130.0  385000  MT
47000.0  70.0  250000  MT
120000.0  110.0  999000  Others
170000.0  81.0  82000  MT
280000.0  249.0  1500000  AT
114000.0  92.0  550000  MT
124000.0  184.0  2300000  AT
37000.0  79.0  935000  AT
123000.0  136.0  820000  Others
34000.0  74.0  830000  Others
177000.0  99.0  889000  Others
152000.0  99.0  1558000  Others
111000.0  79.0  495000  MT
175000.0  122.0  725000  Others
280000.0  260.0  320000  MT
1000.0  150.0  3399000  AT
256000.0  190.0  60000  AT
105000.0  130.0  1800000  Others
38000.0  340.0  9800000  AT
250000.0  98.0  250000  MT
300000.0  85.0  180000  AT
73000.0  110.0  1000000  MT
184000.0  80.0  270000  MT
300000.0  78.0  80000  MT
116000.0  143.0  1050000  Others
125000.0  140.0  760000  AT
188000.0  249.0  2000000  AT
87000.0  123.0  1137000  AT
236000.0  170.0  830000  Others
123000.0  125.0  879000  AT
87000.0  107.0  944000  AT
324000.0  235.0  1340000  AT
153000.0  182.0  865000  Others
186000.0  69.0  230000  MT
45000.0  109.0  1127000  Others
64000.0  123.0  1625000  AT
245000.0  255.0  800000  AT
95000.0  333.0  2450000  Others
98000.0  79.0  250000  MT
190000.0  163.0  1950000  AT
417000.0  145.0  890000  Others
179000.0  70.0  55555  MT
389000.0  94.0  135000  AT
225000.0  100.0  400000  MT
22000.0  83.0  815000  MT
95000.0  280.0  800000  MT
97000.0  333.0  3335000  AT
190000.0  406.0  3900000  Others
1000.0  95.0  900000  Others
73000.0  126.0  1265000  Others
187000.0  122.0  699000  MT
153000.0  79.0  850000  AT
185000.0  270.0  450000  AT
244000.0  130.0  280000  AT
140000.0  244.0  525000  AT
280000.0  140.0  475000  AT
80000.0  295.0  3168000  AT
260000.0  105.0  460000  Others
80000.0  72.0  97000  MT
25000.0  64.0  690000  Others
13000.0  150.0  3290000  Others
183000.0  98.0  300000  MT
76000.0  110.0  1095000  Others
330000.0  76.0  750000  Others
179000.0  110.0  755000  AT
212000.0  81.0  265000  MT
78000.0  115.0  180000  AT
221000.0  89.0  75000  MT
98000.0  84.0  650000  MT
187000.0  107.0  625000  MT
148000.0  110.0  650000  Others
37000.0  300.0  5649000  AT
210000.0  80.0  115000  MT
92000.0  150.0  1790000  Others
158000.0  170.0  1299777  AT
19000.0  137.0  1800000  MT
100000.0  150.0  1750000  AT
186000.0  120.0  350000  AT
93000.0  80.0  890000  MT
68000.0  143.0  1250000  AT
120000.0  106.0  659000  MT
200000.0  105.0  680000  Others
250000.0  215.0  550000  AT
208000.0  105.0  500000  Others
62000.0  98.0  699000  AT
200000.0  132.0  185000  MT
120000.0  159.0  585000  AT
91000.0  88.0  1190000  Others
100000.0  105.0  910000  Others
138000.0  102.0  1150000  AT
45000.0  146.0  2297000  Others
70000.0  130.0  1365000  Others
222000.0  129.0  785000  AT
134000.0  190.0  3850000  AT
101000.0  121.0  1447000  AT
108000.0  166.0  1150000  AT
75000.0  74.0  77000  MT
75000.0  143.0  1750000  Others
12000.0  98.0  840000  Others
17000.0  116.0  1696000  Others
94000.0  102.0  775000  MT
132000.0  130.0  1088000  AT
207000.0  155.0  929000  AT
200000.0  140.0  45000  AT
147000.0  113.0  450000  Others
160000.0  107.0  760000  AT
172000.0  235.0  4000000  AT
58000.0  188.0  1899000  AT
185000.0  220.0  1000000  MT
91000.0  102.0  500000  MT
235000.0  249.0  5199000  AT
228000.0  79.0  400000  MT
1000.0  169.0  2750000  Others
117000.0  309.0  5500000  AT
95000.0  49.0  700000  Others
150000.0  70.0  589000  MT
228000.0  80.0  168000  MT
31000.0  330.0  9200686  AT
75000.0  110.0  1287300  AT
65000.0  110.0  1089000  AT
16000.0  204.0  1150000  MT
129000.0  152.0  819000  Others
100000.0  72.0  82000  MT
9000.0  181.0  3150000  AT
150000.0  98.0  200000  MT
129000.0  171.0  1725000  Others
139000.0  74.0  865000  Others
205000.0  150.0  1629000  AT
166000.0  99.0  1100000  Others
114000.0  98.0  910000  Others
79000.0  79.0  600000  Others
209000.0  245.0  1670000  Others
74000.0  123.0  1210000  AT
135000.0  64.0  613000  Others
114000.0  120.0  630000  Others
192000.0  173.0  2799000  AT
69000.0  249.0  3799000  AT
280000.0  210.0  550000  AT
99000.0  140.0  1190000  AT
114000.0  117.0  850000  AT
351000.0  105.0  138000  AT
250000.0  235.0  2800000  AT
195000.0  170.0  1449000  AT
165000.0  143.0  550000  AT
239000.0  105.0  340000  MT
121000.0  99.0  1520000  Others
320000.0  205.0  1500000  AT
56000.0  147.0  1855000  Others
260000.0  109.0  400000  MT
1000.0  106.0  930000  MT
111000.0  58.0  1015000  Others
70000.0  80.0  830000  MT
102000.0  180.0  1650000  Others
108000.0  177.0  3050000  AT
250000.0  75.0  75000  MT
mileage  power  price  transmission